Route 1 : 36 39 4 76 3
Route 2 : 21 79 45 42 41 35
Route 3 : 74 12 70 43 5 28
Route 4 : 29 11 34 33 49
Route 5 : 51 52 56 90 62 68 47
Route 6 : 66 59 77 23 91
Route 7 : 100 85 54 82
Route 8 : 31 55 6 50
Route 9 : 89 80 71 94
Route 10 : 69 81 60
Route 11 : 27 19 2 17 30 57 73 1
Route 12 : 13 72 7
Route 13 : 95 37 99 78 93 18 26
Route 14 : 86 15 98 8 97
Route 15 : 38 53 48
Route 16 : 16 88 10 67
Route 17 : 9 87 20 63 84 75
Route 18 : 24 44 40 58
Route 19 : 22 32 64 83 14 46
Route 20 : 96 65 25 61 92