Route 1 : 49 28 69 45
Route 2 : 77 32 89 79
Route 3 : 5 51 68 26 24 65
Route 4 : 33 56 9 55 19
Route 5 : 91 54 2 64 6 27
Route 6 : 99 58 34 62
Route 7 : 87 3 60 50
Route 8 : 97 13 7 71 16
Route 9 : 57 42 41
Route 10 : 48 29 35 23 40
Route 11 : 53 39 47 10
Route 12 : 78 21 1 18 75 59 30
Route 13 : 8 98 86 61 22 82
Route 14 : 63 12 84 38
Route 15 : 66 73 52 14 25
Route 16 : 46 95 36
Route 17 : 31 44 11 80 92
Route 18 : 74 72 76 100 67
Route 19 : 96 94 37 15
Route 20 : 88 20 83 17 4 43
Route 21 : 85 81 70 90 93