Route 1 : 34 31 94 67 50 77
Route 2 : 28 43 25 24 55 17
Route 3 : 45 5 79 95
Route 4 : 47 71 93 53 56 82 87
Route 5 : 39 88 92 6 44
Route 6 : 72 100 36 90 10 99
Route 7 : 29 86 9 85
Route 8 : 14 19 2 63 37
Route 9 : 91 89 84 35 48 16 52
Route 10 : 11 41 12 75
Route 11 : 13 42 65 60
Route 12 : 74 4 76 57 69 46 98
Route 13 : 64 33 20 78 83 80
Route 14 : 21 68 40 30 26
Route 15 : 32 96 73 15
Route 16 : 22 27 38 97
Route 17 : 23 70 62
Route 18 : 49 61 51 59
Route 19 : 7 66 1
Route 20 : 54 58 18 8 81 3