Route 1 : 17 39 27 1
Route 2 : 28 90 81 22 50 14 83
Route 3 : 26 86 32 2 95 73
Route 4 : 66 53 11 16
Route 5 : 48 25 89
Route 6 : 52 98 35 8 55
Route 7 : 9 29 70 18 85
Route 8 : 34 63 60 72
Route 9 : 78 80 31 82 61
Route 10 : 92 64 76 20 43
Route 11 : 4 68 58
Route 12 : 88 77 51 94 37
Route 13 : 6 3 74 62 100
Route 14 : 12 99 56 91 40 59
Route 15 : 67 30 75 54 97
Route 16 : 42 47 13 69
Route 17 : 21 5 15 36 19 23
Route 18 : 44 24 87 57 96
Route 19 : 93 84 49 7
Route 20 : 38 41 10 46 71
Route 21 : 79 45 65 33