Route 1 : 94 47 22
Route 2 : 26 21 92 78 9 43 31 36 98
Route 3 : 60 33 69 72
Route 4 : 65 81 83 18
Route 5 : 30 16 19 42
Route 6 : 25 95 85 68 28 82 64
Route 7 : 75 90 56 87 32 99
Route 8 : 66 45 12 29
Route 9 : 62 86 14 76 15
Route 10 : 34 88 39 40 23
Route 11 : 13 77 55 57 35 6 100
Route 12 : 10 67 20 7
Route 13 : 37 59 1 80
Route 14 : 38 54 41 63
Route 15 : 58 48 89 4
Route 16 : 74 24 17 53 46
Route 17 : 11 70 61 71
Route 18 : 5 8 3
Route 19 : 97 2 96 91 27 79 93 73 84
Route 20 : 50 52 44 51 49