Route 1 : 33 12 1 62 48 89
Route 2 : 18 38 32 79 68 69 8
Route 3 : 45 58 51 42
Route 4 : 14 67 29 74 16
Route 5 : 75 22 71 82 27 28
Route 6 : 97 66 2 63
Route 7 : 72 19 64 36 49
Route 8 : 77 17 84 6 87 53
Route 9 : 76 56 96 92
Route 10 : 88 86 3 80 25 85
Route 11 : 91 70 81 52
Route 12 : 21 40 90 99 55
Route 13 : 9 93 61 47 73 30
Route 14 : 20 78 26 5
Route 15 : 35 100 60 4
Route 16 : 34 57 54 83 65 10
Route 17 : 98 59 7 95 50 31 39
Route 18 : 11 15 44
Route 19 : 41 13 43 37 23
Route 20 : 94 46 24