Route 1 : 52 47 96 9
Route 2 : 80 73 72 16 29 13
Route 3 : 8 28 21 62
Route 4 : 36 89 68 74
Route 5 : 12 69 5 37 83 48
Route 6 : 76 65 58 7
Route 7 : 38 41 70 75
Route 8 : 79 3 17 71 40
Route 9 : 44 99 6
Route 10 : 26 43 53 19 2 11
Route 11 : 35 30 32 4 14 93
Route 12 : 84 81 82 45 98 49
Route 13 : 10 59 64 60
Route 14 : 100 66 23
Route 15 : 56 94 51 1
Route 16 : 86 85 90 33 22
Route 17 : 25 50 55 78 15 27
Route 18 : 31 34 67 97 46
Route 19 : 95 63 61 24 39 18
Route 20 : 91 42 54
Route 21 : 57 88 92 20 87 77