Route 1 : 81 55 59 71 77
Route 2 : 29 4 61 66
Route 3 : 42 26 44 30 48 40 27 32
Route 4 : 57 83 16 95
Route 5 : 46 34 88 86 38
Route 6 : 20 1 3 85 35
Route 7 : 62 25 11 99
Route 8 : 69 50 84 14 9 21 43 91
Route 9 : 97 98 15 23
Route 10 : 75 100 96 7 72
Route 11 : 60 2 5 22 82
Route 12 : 8 33 49 51 74 52
Route 13 : 45 53 31 94 93
Route 14 : 63 78 54 41
Route 15 : 17 18 73 89
Route 16 : 24 39 6 28
Route 17 : 47 76 92 37 70 87
Route 18 : 79 64 56 90
Route 19 : 19 68 36 12 67
Route 20 : 80 65 58 13 10