Route 1 : 38 21 25 77
Route 2 : 13 3 96 14 76
Route 3 : 73 48 22 49 56
Route 4 : 94 65 54 84
Route 5 : 33 87 68 67 64 78
Route 6 : 30 99 8 53
Route 7 : 50 90 34 42 40
Route 8 : 20 2 98 82
Route 9 : 92 37 27 7 31 23 52 44
Route 10 : 95 75 29 41
Route 11 : 4 57 6 81
Route 12 : 43 10 45 47 26 63
Route 13 : 9 70 71
Route 14 : 80 97 28 5 24
Route 15 : 69 60 93 91 1 15
Route 16 : 11 62 32 36
Route 17 : 51 66 61
Route 18 : 74 89 17 72 79 86
Route 19 : 46 16 39 55 58
Route 20 : 12 19 59 85 88
Route 21 : 18 35 83 100