Route 1 : 31 50 46 5
Route 2 : 86 71 23 38 29
Route 3 : 19 6 52 60 84
Route 4 : 7 45 41 76
Route 5 : 17 36 55 85 26
Route 6 : 35 18 20 1
Route 7 : 59 51 62 78
Route 8 : 48 39 42 4 69
Route 9 : 49 30 8 88 28 54 27
Route 10 : 43 14 9
Route 11 : 44 83 70 66
Route 12 : 12 80 82 92
Route 13 : 91 16 34 10 58
Route 14 : 67 97 61 22 90 3
Route 15 : 25 65 56 73
Route 16 : 53 94 40 99 57 95 21
Route 17 : 64 11 15 96 13 2 72 89
Route 18 : 33 32 37 47 81
Route 19 : 100 93 63 79 75
Route 20 : 24 68 87 77 98 74