Route 1 : 24 76 31 80 100
Route 2 : 6 10 42 72
Route 3 : 51 34 60 75 36
Route 4 : 8 44 33 17 52
Route 5 : 28 93 70 25 85 15
Route 6 : 58 88 41 20 3 11 97
Route 7 : 39 9 71
Route 8 : 16 96 48 66 30 68
Route 9 : 1 98 27
Route 10 : 82 37 86 35 50
Route 11 : 26 74 69 87 78 90
Route 12 : 79 59 38 18
Route 13 : 4 94 92 23
Route 14 : 81 45 55 12
Route 15 : 19 64 21 99 13
Route 16 : 7 63 67 84 40
Route 17 : 5 43 32 65
Route 18 : 56 89 83 29 53 77
Route 19 : 57 61 47 22 62
Route 20 : 91 73 14 54
Route 21 : 2 46 95 49