Route 1 : 16 57 5 3 96 94
Route 2 : 24 82 29 48 52 88
Route 3 : 51 22 49 21
Route 4 : 64 18 72 65 56 17 45
Route 5 : 39 15 86 67 97
Route 6 : 28 27 84 68
Route 7 : 85 62 92 37
Route 8 : 19 9 90 54
Route 9 : 30 25 1 87
Route 10 : 34 93 89
Route 11 : 91 32 47 23 26 35
Route 12 : 20 44 73 81 77 98
Route 13 : 53 38 2
Route 14 : 7 33 46 13 40 55
Route 15 : 79 78 31 83 58 43
Route 16 : 99 11 74 59 10 63
Route 17 : 4 76 66 14 6 41 69 36
Route 18 : 75 8 50 100
Route 19 : 71 12 95 42
Route 20 : 60 80 70 61