Route 1 : 97 21 31 64 95 90 59
Route 2 : 14 38 57 61
Route 3 : 62 81 24 82 23
Route 4 : 3 89 15 2
Route 5 : 32 55 9 84
Route 6 : 44 67 96
Route 7 : 73 50 8 26 28 94
Route 8 : 47 58 43 80 51
Route 9 : 56 37 85 39 63
Route 10 : 76 29 99 22
Route 11 : 40 5 19 79 88 70
Route 12 : 49 98 92 48
Route 13 : 68 4 87 75 25
Route 14 : 41 83 46 13 6 86
Route 15 : 36 1 17 78
Route 16 : 60 66 52 34
Route 17 : 54 33 69 35
Route 18 : 12 20 10 77
Route 19 : 42 91 18 7 72 45
Route 20 : 30 53 100 65 93
Route 21 : 74 11 16 27 71