Route 1 : 22 56 30 37 41
Route 2 : 82 21 57 45 63 93
Route 3 : 72 27 71 67 96
Route 4 : 74 89 16 92 14
Route 5 : 73 66 32 39 85 100
Route 6 : 86 83 52 68
Route 7 : 64 62 84 1 12
Route 8 : 49 98 77 10
Route 9 : 28 50 88 17
Route 10 : 6 44 53
Route 11 : 26 20 76
Route 12 : 19 69 90 91 3 79 5
Route 13 : 59 4 31 8
Route 14 : 99 34 43 33 70
Route 15 : 80 13 95 81
Route 16 : 9 23 7 55 25
Route 17 : 61 54 75 58 38 15
Route 18 : 97 48 24 47 46 11
Route 19 : 42 35 87 29
Route 20 : 36 40 18 65 94
Route 21 : 78 51 2 60