Route 1 : 3 50 52 27 78 1
Route 2 : 12 35 48 36 65 44 17
Route 3 : 87 100 2 71
Route 4 : 4 10 96 53
Route 5 : 69 30 32 54
Route 6 : 73 16 21 19
Route 7 : 40 34 64 42
Route 8 : 83 63 70 99 82
Route 9 : 56 49 94 66
Route 10 : 14 81 98
Route 11 : 46 74 59 51 37 62
Route 12 : 89 85 91 92 86
Route 13 : 8 68 90
Route 14 : 88 22 5 80
Route 15 : 38 15 77 55 72
Route 16 : 93 79 61 18 45 57
Route 17 : 29 75 41 7 67
Route 18 : 95 84 6 11 39
Route 19 : 60 24 28 20 31 47
Route 20 : 25 23 43 13 26 97 76
Route 21 : 33 58 9