Route 1 : 100 15 83 53 10
Route 2 : 49 62 89 36 57 88
Route 3 : 28 90 23 35 71
Route 4 : 95 32 33 87 91 94 80 81
Route 5 : 7 98 22
Route 6 : 43 17 74 27 9 68
Route 7 : 70 6 12 55 31 26 30
Route 8 : 64 69 75 41
Route 9 : 8 42 66 54 38 14
Route 10 : 56 5 76 44
Route 11 : 48 79 60 19 72
Route 12 : 21 73 39 82 46
Route 13 : 37 18 63 29
Route 14 : 85 47 50 13 45
Route 15 : 61 3 97 25
Route 16 : 86 24 16
Route 17 : 96 52 67 4 58 34 40
Route 18 : 93 11 77 92
Route 19 : 59 84 65 78 20
Route 20 : 51 2 99 1