Route 1 : 53 63 30 35 19
Route 2 : 87 34 4 22
Route 3 : 38 8 64 67
Route 4 : 77 62 54 23 5 76
Route 5 : 10 12 14 1 68
Route 6 : 40 7 6 2 52 66
Route 7 : 57 93 95 39
Route 8 : 60 51 85
Route 9 : 29 50 24 45 18 97
Route 10 : 21 99 82 49
Route 11 : 11 61 44 98 9
Route 12 : 36 20 75 46
Route 13 : 28 13 70 32 37 33
Route 14 : 89 73 78 16
Route 15 : 94 81 26 79
Route 16 : 17 58 90 88 96
Route 17 : 65 69 27 100 48
Route 18 : 41 31 3 72 25 59
Route 19 : 15 43 55 71 84
Route 20 : 74 56 47 86 83
Route 21 : 80 91 42 92