Route 1 : 74 6 76 28 86
Route 2 : 37 100 29 79 98 16
Route 3 : 13 61 56 83
Route 4 : 43 72 62 65 55 52
Route 5 : 25 51 89 69 82
Route 6 : 48 10 32 9 78
Route 7 : 35 24 88 66 73 93
Route 8 : 96 23 21 19
Route 9 : 22 60 50 18 5 20
Route 10 : 34 84 85 75 12
Route 11 : 7 67 15 70 94
Route 12 : 11 95 64 63
Route 13 : 17 68 8 27
Route 14 : 1 91 87 58
Route 15 : 77 44 39 59 14 38
Route 16 : 92 99 26 31
Route 17 : 71 45 54 40 3 36
Route 18 : 97 41 42 81
Route 19 : 2 4 30 57 53 49
Route 20 : 47 80 90 46 33