Route 1 : 76 89 14 15 42 65
Route 2 : 94 48 86 2
Route 3 : 19 46 99 100 68
Route 4 : 49 64 17 83 4 3
Route 5 : 96 11 34 33 73
Route 6 : 25 38 26
Route 7 : 35 40 22 82
Route 8 : 78 16 62 84 55
Route 9 : 41 29 24
Route 10 : 47 7 8 77 6 53
Route 11 : 85 66 39 56 90 13 69 60
Route 12 : 79 70 28 95 97
Route 13 : 81 30 9 52 80
Route 14 : 54 87 92 67 50 63 18
Route 15 : 20 57 51 32
Route 16 : 61 1 5 23
Route 17 : 12 21 88 91 44
Route 18 : 71 74 43
Route 19 : 93 72 58 98 45 59 10
Route 20 : 37 27 31 75 36