Route 1 : 59 29 32 71 88
Route 2 : 50 27 99 21
Route 3 : 91 38 73 62 57 23
Route 4 : 94 82 22 46 52
Route 5 : 16 3 7 63 44 96
Route 6 : 87 69 60
Route 7 : 8 42 83
Route 8 : 2 79 24 74 77
Route 9 : 49 89 15
Route 10 : 65 18 95 97 85 93 25 70
Route 11 : 61 58 41 98
Route 12 : 47 4 31 81 40 67 90
Route 13 : 30 13 80
Route 14 : 51 84 35 48 34 28 100
Route 15 : 45 75 43 55
Route 16 : 54 33 20 72 64
Route 17 : 17 19 56 39 53
Route 18 : 12 92 78 11 68
Route 19 : 76 26 1 5
Route 20 : 66 86 10 6
Route 21 : 9 37 14 36