Route 1 : 91 63 79 96 90
Route 2 : 2 74 40 100
Route 3 : 44 3 21 47 45 57
Route 4 : 11 33 99 81
Route 5 : 49 82 37 72
Route 6 : 84 66 56 51
Route 7 : 35 71 83 52
Route 8 : 75 15 10 7 59 4
Route 9 : 85 29 95 62
Route 10 : 89 70 36
Route 11 : 67 25 78 93 16
Route 12 : 9 73 6
Route 13 : 58 60 64 80 86
Route 14 : 65 14 97 42 39
Route 15 : 1 43 77 76 50 46
Route 16 : 26 17 68 8 98
Route 17 : 87 31 20 5 30 55 22
Route 18 : 13 53 94
Route 19 : 34 69 54 61 48
Route 20 : 92 32 18 38 28 12
Route 21 : 88 24 27 19 41 23