Route 1 : 90 2 65 63 88
Route 2 : 26 80 41 20 4
Route 3 : 22 21 8 62
Route 4 : 59 55 34
Route 5 : 10 38 28 78 75
Route 6 : 60 66 6 57 45 70
Route 7 : 79 33 69 71
Route 8 : 23 31 7 47 54 100 30
Route 9 : 67 27 12 84
Route 10 : 24 50 11 98
Route 11 : 48 37 5 81 89 56 93 85
Route 12 : 40 68 35 18 25 16 13 83
Route 13 : 73 51 94
Route 14 : 39 58 99 15 3
Route 15 : 95 29 1 64 19
Route 16 : 92 74 9 46 72
Route 17 : 17 76 91 61
Route 18 : 32 14 86 82 87
Route 19 : 43 42 44 49 77
Route 20 : 36 96 97 53 52