Route 1 : 2 3 83 19
Route 2 : 59 15 20 66 39
Route 3 : 74 58 100 32 70 54
Route 4 : 14 53 40 92
Route 5 : 89 47 27 44
Route 6 : 76 24 96 1 29
Route 7 : 6 95 35 91 11
Route 8 : 9 41 80 57 51
Route 9 : 68 97 45 73 25
Route 10 : 84 71 90 46 88 77 98
Route 11 : 67 69 62 60 37 52
Route 12 : 16 43 75 61 26
Route 13 : 85 55 79 22 48
Route 14 : 93 99 10 78 34
Route 15 : 17 94 36 8 49 7
Route 16 : 18 38 82
Route 17 : 65 33 56 4
Route 18 : 50 72 21
Route 19 : 28 31 81 30
Route 20 : 63 42 86 87
Route 21 : 5 12 64 13 23