Route 1 : 26 98 82 60 20
Route 2 : 52 85 57 27
Route 3 : 38 4 71 29
Route 4 : 90 74 5 44 100
Route 5 : 55 51 50 40
Route 6 : 13 86 8 1 67
Route 7 : 69 70 97 75 34
Route 8 : 32 23 93 28 64
Route 9 : 16 91 94 87 49
Route 10 : 10 36 88 48 22
Route 11 : 3 9 6
Route 12 : 61 62 84 53 45 58
Route 13 : 73 21 17 99
Route 14 : 43 63 19 41 30 78
Route 15 : 76 68 7 18
Route 16 : 77 80 96 72 46
Route 17 : 66 89 12 33 25 79 11
Route 18 : 47 15 31 54 39
Route 19 : 81 56 24 14 83
Route 20 : 42 37 35 2
Route 21 : 59 65 92 95