Route 1 : 72 80 50 8 68
Route 2 : 62 14 44 98 67
Route 3 : 17 48 57 53
Route 4 : 31 97 34 5 85 37 63
Route 5 : 18 47 46 41 7
Route 6 : 96 71 84 66 11
Route 7 : 26 75 76 90 2 15
Route 8 : 22 58 100 61 82
Route 9 : 27 21 32 29 3 43
Route 10 : 9 10 24 88
Route 11 : 42 91 99 74
Route 12 : 12 77 13 79
Route 13 : 36 65 16 93 20 89 60
Route 14 : 1 6 92 83 28
Route 15 : 59 73 40 45 19
Route 16 : 23 33 69 56
Route 17 : 25 94 86 52 54
Route 18 : 4 55 81 49 64
Route 19 : 70 87 51 95
Route 20 : 39 78 35 38 30