Route 1 : 65 77 40 27 81 86 17 94
Route 2 : 72 78
Route 3 : 9 14 92 8 18 6
Route 4 : 45 70 15 38
Route 5 : 84 52 76 66
Route 6 : 23 58 4 29
Route 7 : 28 31 20 5
Route 8 : 80 73 13
Route 9 : 56 1 21 97 79 91 35
Route 10 : 87 11 10
Route 11 : 88 3 36 69 25 7
Route 12 : 37 46 26 50
Route 13 : 49 16 43 44 24 98 62 82
Route 14 : 68 93 54 67 96
Route 15 : 42 61 2 51 53
Route 16 : 60 89 32 71 12 99 57 63
Route 17 : 34 100 47 55 19 30 48
Route 18 : 90 41 85 64 95 83
Route 19 : 74 59 22 39
Route 20 : 75 33