Route 1 : 93 49 38 66
Route 2 : 17 9 46 16
Route 3 : 37 35 24 5
Route 4 : 44 50 4 12 6 72
Route 5 : 10 82 31 97 26 85
Route 6 : 36 2 30 55 94
Route 7 : 56 27 45
Route 8 : 15 23 28 19
Route 9 : 53 60 86 64
Route 10 : 39 7 81 65 33 100
Route 11 : 91 76 83 52
Route 12 : 25 29 41 89 79 77
Route 13 : 80 42 18 90 48 70
Route 14 : 11 51 54 3
Route 15 : 14 57 34
Route 16 : 1 61 62 99 47
Route 17 : 21 74 71 40
Route 18 : 69 73 68 95 88 87 8 75 84 59
Route 19 : 32 13 43
Route 20 : 78 96 67 98 22
Route 21 : 20 63 58 92