Route 1 : 81 76 60
Route 2 : 6 18 73 50
Route 3 : 44 64 17 22 32
Route 4 : 77 93 74
Route 5 : 16 67 19 31 9
Route 6 : 94 58 88 21 25
Route 7 : 29 87 4 40 75
Route 8 : 82 41 48 3 98 34
Route 9 : 42 15 37 59 26 13
Route 10 : 85 57 66 100 91
Route 11 : 14 45 30 12
Route 12 : 43 38 28
Route 13 : 10 51 20 90 2
Route 14 : 55 97 23 53 72
Route 15 : 95 8 84 27
Route 16 : 1 70 56 5
Route 17 : 39 65 62 71 89
Route 18 : 63 36 49 47
Route 19 : 80 46 83 78 24 52
Route 20 : 35 96 79 99 61
Route 21 : 68 69 33 92 54 7 86 11