Route 1 : 31 97 18 61
Route 2 : 41 30 84 76
Route 3 : 54 47 28 56 51
Route 4 : 1 53 5 16 77
Route 5 : 39 9 62 33 34
Route 6 : 99 65 66 23
Route 7 : 25 11 6 98 86 44
Route 8 : 94 81 58 38 69
Route 9 : 22 50 75 29
Route 10 : 10 40 60 88 19 67 21
Route 11 : 14 91 24 83 92
Route 12 : 85 17 52 95 42 78
Route 13 : 13 64 79 37 73
Route 14 : 68 96 59
Route 15 : 87 3 4 45
Route 16 : 20 71 74 63
Route 17 : 32 27 55 90 100
Route 18 : 70 82 43 46 36
Route 19 : 35 89 8 48
Route 20 : 7 49 2 72 12
Route 21 : 15 93 57 26 80