Route 1 : 32 58 57 73 39
Route 2 : 25 13 28 21 74 47 24
Route 3 : 45 61 23 49 8 51
Route 4 : 18 20 62 97 46
Route 5 : 85 7 94 14
Route 6 : 84 27 5
Route 7 : 35 87 48 91 12
Route 8 : 83 96 90 75 40
Route 9 : 31 6 63 42 92
Route 10 : 68 29 67 19 71
Route 11 : 1 10 77 59 16 43 66 56
Route 12 : 17 86 95 2 30
Route 13 : 76 34 52 44 9
Route 14 : 38 37 11 41 53 3
Route 15 : 22 79 4 55
Route 16 : 65 64 89 69 93
Route 17 : 50 72 26
Route 18 : 81 99 82 80 70 98 15
Route 19 : 78 33 60
Route 20 : 36 100 88 54