Route 1 : 79 50 35
Route 2 : 12 55 34 60 53 33 85
Route 3 : 32 39 3 98 58
Route 4 : 31 16 37 19 66
Route 5 : 47 13 84 2
Route 6 : 45 83 10
Route 7 : 36 20 74 24
Route 8 : 5 100 54 27 38 26
Route 9 : 86 94 91 21 48
Route 10 : 30 18 82 69 43 15
Route 11 : 78 88 99 97 57
Route 12 : 96 44 56 51 92
Route 13 : 1 70 63
Route 14 : 25 59 68 61 81
Route 15 : 77 87 7
Route 16 : 17 49 28 40 6 65 29
Route 17 : 8 93 22 95 73
Route 18 : 76 52 11 80 90
Route 19 : 72 46 9 14 4 41 23 62 75
Route 20 : 71 89 64 67 42