Route 1 : 91 37 52 61 10 97 41
Route 2 : 70 15 46 45
Route 3 : 20 78 95 47 93
Route 4 : 25 90 12 56 73
Route 5 : 22 2 44 30 75 16 31
Route 6 : 50 19 87 64 8
Route 7 : 29 68 7 34 1
Route 8 : 43 94 79 63
Route 9 : 6 65 42 85 100
Route 10 : 35 74 27 89 84
Route 11 : 72 67 80 17 32 36
Route 12 : 3 23 14 92
Route 13 : 40 54 99 21 24
Route 14 : 18 88 13 77 66 98
Route 15 : 53 51 60 82 33
Route 16 : 5 59 62 71
Route 17 : 86 81 9 57
Route 18 : 55 96 28 11 39
Route 19 : 69 83 4 38 26
Route 20 : 49 48 58 76