Route 1 : 30 22 13 41 98
Route 2 : 32 59 46 5 100 54
Route 3 : 77 62 72 44 99 86
Route 4 : 56 57 71 19
Route 5 : 31 84 34 2 61
Route 6 : 93 49 28 17
Route 7 : 37 26 40 4
Route 8 : 29 38 48 47 60
Route 9 : 83 82 7 45 69
Route 10 : 53 73 85 92 51
Route 11 : 81 68 80 16 20
Route 12 : 8 97 50 33 75
Route 13 : 15 90 88 89 18
Route 14 : 27 78 3 42 66
Route 15 : 9 67 21 35 39
Route 16 : 76 14 58 55 79
Route 17 : 95 10 11
Route 18 : 12 65 43 36 24
Route 19 : 70 74 23 94
Route 20 : 63 91 25 87 6
Route 21 : 1 52 96 64