Route 1 : 9 86 90 14
Route 2 : 21 24 80 8
Route 3 : 13 91 58 37 33 22
Route 4 : 29 28 79 70 46
Route 5 : 73 11 92 84 52 99
Route 6 : 47 95 71 25 82
Route 7 : 64 12 4 93 83 23
Route 8 : 2 57 6 94
Route 9 : 45 51 36 10
Route 10 : 41 54 53 69 61
Route 11 : 32 34 77 16 68
Route 12 : 44 42 89 55 17 1 100
Route 13 : 38 60 96 31 19 97
Route 14 : 59 49 15 18
Route 15 : 35 5 40 62
Route 16 : 66 50 3 85
Route 17 : 30 76 20 87
Route 18 : 48 67 56 7 72
Route 19 : 27 75 26 98
Route 20 : 74 88 81 65 39 43 78 63