Route 1 : 1 37 65 73 28 32 72
Route 2 : 59 84 50 97
Route 3 : 33 11 55 13 44
Route 4 : 9 75 48 89
Route 5 : 47 100 29 42 88 94 17
Route 6 : 68 91 69 76 53 77
Route 7 : 86 38 64 40 36
Route 8 : 14 39 78 10
Route 9 : 74 46 19 26
Route 10 : 67 3 18 82 31
Route 11 : 61 83 92
Route 12 : 25 52 80 63 98
Route 13 : 12 7 2 16
Route 14 : 93 15 79 8 24
Route 15 : 43 58 35 87
Route 16 : 90 70 56 27 60 20 30
Route 17 : 34 23 6 4 62 21
Route 18 : 5 45 51 57
Route 19 : 54 41 22
Route 20 : 49 85 66 95 81
Route 21 : 71 96 99