Route 1 : 91 27 9 21 25
Route 2 : 88 75 56 76
Route 3 : 82 11 42 65
Route 4 : 73 37 53 12
Route 5 : 60 28 78 83 22
Route 6 : 100 46 58 3 87 77
Route 7 : 61 30 67 14
Route 8 : 79 54 38 8 64 86
Route 9 : 68 1 81
Route 10 : 49 20 31 55 62 47 59
Route 11 : 71 2 23
Route 12 : 45 18 29 94 51 90
Route 13 : 6 96 36 72
Route 14 : 50 43 35 15
Route 15 : 40 4 57 10 70 26 34 98
Route 16 : 80 66 97 33 63 89 5
Route 17 : 44 95 41
Route 18 : 48 74 13 92
Route 19 : 39 85 69 52
Route 20 : 7 16 93 99
Route 21 : 17 84 24 32 19