Route 1 : 35 51 99 50 78
Route 2 : 80 17 9 8 49
Route 3 : 19 91 55 62 15 52
Route 4 : 56 93 75 22 4
Route 5 : 97 31
Route 6 : 87 66 41 6 29 23
Route 7 : 65 83 24 45 44 72
Route 8 : 67 47 73 74 54 20
Route 9 : 32 18 10 100 64 43
Route 10 : 94 58 25 38
Route 11 : 42 21 70 98
Route 12 : 61 36 71 53
Route 13 : 95 81 88 16 48 2
Route 14 : 5 57 40 92 90
Route 15 : 82 30 69 60 89
Route 16 : 76 33 86 34 28
Route 17 : 46 68 37 79 59
Route 18 : 14 39 3 27 63
Route 19 : 85 77 12 7 26
Route 20 : 1 96 84 13 11