Route 1 : 30 7 72 59 50
Route 2 : 58 63 9 82
Route 3 : 93 35 76
Route 4 : 40 6 36 78 1
Route 5 : 51 65 33 90 34 31
Route 6 : 47 16 79 48 28
Route 7 : 27 98 69 53 42
Route 8 : 64 95 73 14
Route 9 : 57 100 46 25 15 74
Route 10 : 77 26 56 23 19 70 22 10 71
Route 11 : 2 80 52 38 67
Route 12 : 89 60 88 85 86
Route 13 : 18 94 97 43 54 87 29
Route 14 : 20 75 21
Route 15 : 12 84 13
Route 16 : 55 81 99 11
Route 17 : 41 5 61 37 96 8
Route 18 : 62 91 17 39 24
Route 19 : 68 4 83 92 66 32
Route 20 : 3 44 45 49