Route 1 : 8 93 59 40 84
Route 2 : 4 44 9 34 26 83
Route 3 : 22 88 43 6
Route 4 : 7 17 71 94 58 89 53 28
Route 5 : 1 82 96 87 81 74 62
Route 6 : 30 45 2 5 46 56
Route 7 : 55 21 35 12 57 41
Route 8 : 75 3 70 97 27
Route 9 : 92 15 99 60
Route 10 : 25 64 61 51
Route 11 : 91 50 79 78
Route 12 : 63 20 16 38 39
Route 13 : 47 68 65 31 90
Route 14 : 11 36 73 77
Route 15 : 42 33 67
Route 16 : 95 10 100 29 19
Route 17 : 37 13 18 14 52 85
Route 18 : 32 54 69 86 76
Route 19 : 80 23 24
Route 20 : 98 48 72 49 66