Route 1 : 5 97 21
Route 2 : 1 48 84 43 99 25
Route 3 : 40 37 9 73 82 71
Route 4 : 98 85 88
Route 5 : 52 96 6 86 87 92
Route 6 : 22 26 12 29 34 69 2
Route 7 : 72 24 10 13
Route 8 : 95 80 41 20 39 7
Route 9 : 32 38 65 16 28
Route 10 : 61 74 63
Route 11 : 56 91 83 8 51 79
Route 12 : 78 100 55 93 70 49
Route 13 : 90 45 31 4
Route 14 : 46 59 81 44 23 54
Route 15 : 67 19 68 47
Route 16 : 17 94 50
Route 17 : 62 53 77 15 27
Route 18 : 60 58 35 33 30 3 57
Route 19 : 66 11 42
Route 20 : 14 75 64
Route 21 : 18 76 36 89