Route 1 : 97 4 24 51 76 27
Route 2 : 34 7 16 83 65 6
Route 3 : 54 58 43 26 37
Route 4 : 12 53 74 75
Route 5 : 90 68 66 36
Route 6 : 29 63 32 82
Route 7 : 8 1 52 18 69 55
Route 8 : 40 73 3 64 50 94 91
Route 9 : 93 77 62 79
Route 10 : 85 11 15 96
Route 11 : 17 10 57 70
Route 12 : 9 38 21 46 60 23
Route 13 : 81 19 2 14 98
Route 14 : 61 13 49 72 28 56
Route 15 : 5 35 88 100
Route 16 : 44 99 92 59
Route 17 : 42 95 67 33 22
Route 18 : 31 84 41 45 87
Route 19 : 71 30 20 86
Route 20 : 80 78 48 39 89 25 47