Route 1 : 10 70 31 27 41
Route 2 : 40 57 98 37 59
Route 3 : 25 9 6 28
Route 4 : 75 51 33 47 81
Route 5 : 18 55 85 20 34 46
Route 6 : 24 86 30 62 19
Route 7 : 1 61 65 73
Route 8 : 43 23 79 76
Route 9 : 67 89 88 7
Route 10 : 15 96 74 12 91
Route 11 : 94 87 8 77 95 54
Route 12 : 21 13 16 2
Route 13 : 17 49 44 72 32
Route 14 : 84 71 68 78
Route 15 : 4 42 29 93 82 92
Route 16 : 80 38 26 35
Route 17 : 60 83 5 69
Route 18 : 14 64 45 11 52
Route 19 : 58 56 3 48 22 66
Route 20 : 63 99 50 39
Route 21 : 53 100 90 97 36