Route 1 : 76 49 6 97 43 31 45
Route 2 : 80 28 9 24 44
Route 3 : 29 95 70 35
Route 4 : 27 79 96 66 37
Route 5 : 25 58 89 1 46 5
Route 6 : 74 21 34 23
Route 7 : 83 65 63 100 47
Route 8 : 30 68 90 41
Route 9 : 94 56 98
Route 10 : 73 50 81
Route 11 : 51 19 53 92 60
Route 12 : 59 13 88 85 48 4
Route 13 : 39 84 26 38 32 99 18
Route 14 : 20 36 69 42 52
Route 15 : 55 77 12 8 93
Route 16 : 61 87 62 3 15
Route 17 : 22 16 11 82
Route 18 : 57 75 91
Route 19 : 7 78 14 40 72
Route 20 : 67 64 10 17 54
Route 21 : 71 86 33 2