Route 1 : 40 89
Route 2 : 43 45 74 36
Route 3 : 62 63 9 4 69 7 95
Route 4 : 3 13 51 42 80
Route 5 : 20 72 50 96 64
Route 6 : 93 56 49 41 25 66
Route 7 : 5 98 10 18 70 53
Route 8 : 2 68 44 52 73
Route 9 : 48 11 97 57
Route 10 : 81 26 85 37
Route 11 : 22 17 60 34 82 76
Route 12 : 27 29 99 31 39
Route 13 : 46 8 14 38
Route 14 : 87 12 90 21
Route 15 : 6 1 92 32 15
Route 16 : 28 65 55 88 78
Route 17 : 23 86 67 61 33
Route 18 : 71 100 94
Route 19 : 77 16 84
Route 20 : 35 75 19 79 59
Route 21 : 47 91 24 30 58 83 54