Route 1 : 38 32 89 30 95 14
Route 2 : 65 56 29 64 11 87
Route 3 : 50 26 73
Route 4 : 2 68 12 75 93
Route 5 : 25 7 39 71 96 44
Route 6 : 6 78 27 16
Route 7 : 67 19 61 42 85
Route 8 : 66 31 63 94 53
Route 9 : 74 21 23 80 8
Route 10 : 18 77 13 70 86
Route 11 : 84 88 82 49 40 43 81
Route 12 : 10 72 17 1 46 37
Route 13 : 35 47 76 54
Route 14 : 55 28 33
Route 15 : 97 98 41 48 52 5
Route 16 : 59 24 69 57 9
Route 17 : 90 36 34
Route 18 : 15 99 92 79
Route 19 : 22 91 45 83 20 60
Route 20 : 100 62 3 51 58 4