Route 1 : 81 34 96 56
Route 2 : 40 11 48 84
Route 3 : 75 63 44 66 80 13
Route 4 : 9 3 46 2
Route 5 : 97 29 57 17 32 35 51
Route 6 : 88 33 4 41 39 16 83
Route 7 : 8 93 15 10
Route 8 : 65 60 24 62
Route 9 : 50 28 54 85 25
Route 10 : 79 94 58 95 12
Route 11 : 43 38 55 64 70 59 90
Route 12 : 82 76 45 36 89 87
Route 13 : 5 69 37
Route 14 : 99 68 22
Route 15 : 18 86 98 71 49
Route 16 : 72 20 92 61 23 78
Route 17 : 73 30 6 19 74 21
Route 18 : 91 47 14 53 31
Route 19 : 26 7 1 42 67 100
Route 20 : 27 52 77