Route 1 : 38 9 47 36 28 86
Route 2 : 2 50 99 21
Route 3 : 56 100 58 92 54
Route 4 : 7 4 16 11
Route 5 : 87 73 3 68 27 63 14
Route 6 : 71 90 93 98 49
Route 7 : 72 74 69 15 65
Route 8 : 37 41 33 5
Route 9 : 83 17 43 48 22
Route 10 : 25 97 84 12 77 24 29
Route 11 : 20 8 88 64
Route 12 : 32 53 31 39
Route 13 : 85 55 57 30 42 60
Route 14 : 91 89 46 79
Route 15 : 62 59 81 23 82
Route 16 : 75 10 52 95
Route 17 : 13 34 66 18 78 26
Route 18 : 51 1 40
Route 19 : 44 96 61 94 76 6
Route 20 : 80 70 19 45 35 67