Route 1 : 56 33 78 38 79 43
Route 2 : 20 21 11 6 89
Route 3 : 8 47 2 90
Route 4 : 82 53 39
Route 5 : 48 7 40 81
Route 6 : 65 55 9 75
Route 7 : 28 41 23 64 83 32
Route 8 : 94 57 84 5
Route 9 : 19 60 26 67
Route 10 : 95 35 14 45 76 54 15
Route 11 : 13 91 4 1
Route 12 : 31 52 49 92 88
Route 13 : 97 99 30 71 16
Route 14 : 61 72 66 80 62
Route 15 : 63 36 22 29 87 73
Route 16 : 51 10 59 44 46
Route 17 : 25 17 100 42 50
Route 18 : 58 86 27 18
Route 19 : 12 24 77 68 93
Route 20 : 74 37 98 34 69
Route 21 : 3 85 96 70