Route 1 : 74 33 25 18 57 2
Route 2 : 30 65 71 11 23 62
Route 3 : 50 63 16 15 42 90 10
Route 4 : 99 66 96 68
Route 5 : 39 34 69 41 73 47
Route 6 : 12 49 26 32 59
Route 7 : 35 91 86 95 79
Route 8 : 27 7 43
Route 9 : 80 44 4 56 13 61 36
Route 10 : 76 87 82 70 14 5 40
Route 11 : 83 92 60 17 3
Route 12 : 55 24 28
Route 13 : 53 85 81 94 93
Route 14 : 31 100 38 58 22
Route 15 : 98 45 1 54 75 97
Route 16 : 6 77 51
Route 17 : 46 78 9 89
Route 18 : 88 37 21 52
Route 19 : 72 20 19 29 84
Route 20 : 48 67 64 8