Route 1 : 91 80 92 37 72 52 82 51 67
Route 2 : 88 76 56
Route 3 : 26 38 95 17
Route 4 : 90 99 20
Route 5 : 94 34 39 57 71 25
Route 6 : 98 42 31 85 18 75
Route 7 : 30 15 5 49 14 11 97
Route 8 : 29 78 35 7
Route 9 : 22 86 83 4
Route 10 : 10 16 45 73 55
Route 11 : 27 66 36 47
Route 12 : 62 70 21 50 28
Route 13 : 44 68 53 41
Route 14 : 77 96 58 87 1 19
Route 15 : 8 46 9
Route 16 : 33 6 93 23 89
Route 17 : 54 60 65 40
Route 18 : 69 81 79 32 43
Route 19 : 59 3 13 74
Route 20 : 48 64 63 2
Route 21 : 24 61 84 12 100