Route 1 : 31 68 72
Route 2 : 6 38 14 15 60
Route 3 : 87 63 51 57 52 62 13
Route 4 : 84 39 16 21
Route 5 : 9 94 58 100
Route 6 : 69 7 29 50 46 64
Route 7 : 47 10 85 92 45
Route 8 : 35 99 79 67 18
Route 9 : 26 22 37 48 56 74
Route 10 : 59 77 91
Route 11 : 43 70 97 95 44
Route 12 : 17 96 90 49 20
Route 13 : 81 73 88 33
Route 14 : 23 19 24 27 4 1
Route 15 : 11 66 2 54 30 75
Route 16 : 28 8 65 5
Route 17 : 82 61 42 3 76 53
Route 18 : 98 41 36 78 93
Route 19 : 12 80 89 83
Route 20 : 34 86 71 55 25 40 32