Route 1 : 96 15 28 60 24
Route 2 : 52 26 10 7 62 99
Route 3 : 42 98 97 49
Route 4 : 74 30 34 46
Route 5 : 17 59 78 20 21
Route 6 : 50 55 54 23
Route 7 : 3 39 41 82 14
Route 8 : 71 11 16 81 5
Route 9 : 76 27 29 66
Route 10 : 4 89 70 69 75 32
Route 11 : 91 38 87 36 51 63
Route 12 : 83 25 12 40
Route 13 : 73 68 95 72
Route 14 : 77 61 19 85
Route 15 : 92 13 67 58 22
Route 16 : 93 8 44 80 84
Route 17 : 43 31 56 48 33
Route 18 : 37 100 18 86 9 47
Route 19 : 35 90 53 65
Route 20 : 2 94 45 1 88
Route 21 : 79 57 6 64