Route 1 : 75 38 81 9 72 15
Route 2 : 79 73 69 80 39
Route 3 : 58 60 13 93 47 29
Route 4 : 12 91 82 53 20 24
Route 5 : 48 90 17 56
Route 6 : 83 6 84 36 18 61
Route 7 : 70 77 3 68 32 44
Route 8 : 31 8 34 30
Route 9 : 10 63 2 74
Route 10 : 4 25 46 97
Route 11 : 1 57 62
Route 12 : 50 28 22 14 7 51
Route 13 : 64 92 42 16 45
Route 14 : 27 26 96 5 37
Route 15 : 49 35 88 43 67
Route 16 : 66 71 100 23 54 98
Route 17 : 76 86 94 59 33 65 99
Route 18 : 55 95 78 41 87
Route 19 : 40 52 21 89
Route 20 : 11 19 85