Route 1 : 24 87 64 19 58
Route 2 : 79 43 28 45 66 100 22
Route 3 : 1 39 62 41
Route 4 : 61 80 75 92 63 54
Route 5 : 60 55 97 30 52
Route 6 : 73 96 6 53 31
Route 7 : 42 98 23 86 50
Route 8 : 82 59 27
Route 9 : 69 37 49
Route 10 : 70 16 20 83
Route 11 : 40 77 33 67 68 90
Route 12 : 93 71 3 84 13 29
Route 13 : 14 12 9 56
Route 14 : 74 95 89 47 11 4
Route 15 : 72 35 85 38
Route 16 : 5 34 57 81 10
Route 17 : 65 76 25
Route 18 : 94 46 18 8
Route 19 : 17 88 32 21 51 7
Route 20 : 15 36 26 48
Route 21 : 2 91 78 99 44