Route 1 : 42 80 85 5
Route 2 : 61 92 21 20
Route 3 : 56 31 45 46 50 4 3 22
Route 4 : 12 57 65 79
Route 5 : 10 24 89 33
Route 6 : 90 91 36 95 82
Route 7 : 98 14 77 93 66 52
Route 8 : 27 29 13 100 1 69
Route 9 : 7 16 17 43 8
Route 10 : 63 26 84 39 97
Route 11 : 96 64 75 73
Route 12 : 81 19 51
Route 13 : 53 68 60 55
Route 14 : 35 59 54 67 99
Route 15 : 47 32 30
Route 16 : 11 40 18 62 2 34
Route 17 : 71 86 83 6 44 94 28
Route 18 : 76 37 78 41
Route 19 : 58 23
Route 20 : 48 25 87 72 74
Route 21 : 15 49 9 38 88 70