Route 1 : 37 50 85 62 78 77
Route 2 : 45 66 84 26
Route 3 : 69 97 56 59 98
Route 4 : 6 32 21 36 71 13 92 64
Route 5 : 12 10 65
Route 6 : 72 42 24 90 22 87
Route 7 : 80 43 23 70 67 17
Route 8 : 100 60 96 1 61
Route 9 : 11 46 14 31 63
Route 10 : 19 48 40
Route 11 : 25 54 95
Route 12 : 49 73 74 52 81
Route 13 : 8 39 4 18
Route 14 : 83 55 89 16
Route 15 : 5 47 2 35 20 94 7
Route 16 : 29 44 34 3
Route 17 : 57 75 91 53
Route 18 : 68 79 86 76 38 51
Route 19 : 28 15 33 88 93 99 41
Route 20 : 30 27 58 82 9