Route 1 : 12 77 81 80 19
Route 2 : 22 42 3 10 36 7 38
Route 3 : 2 55 57 83 98
Route 4 : 76 94 26 20 58
Route 5 : 23 37 5 48
Route 6 : 33 52 44 30
Route 7 : 88 78 24 51
Route 8 : 71 63 56 84 64
Route 9 : 45 79 54 91
Route 10 : 4 17 14 41 85
Route 11 : 93 62 69
Route 12 : 87 68 34 50 49 43 99
Route 13 : 53 90 29 72 47 97
Route 14 : 13 96 8 89 35
Route 15 : 92 31 16 9 27
Route 16 : 73 11 21 40 1 15
Route 17 : 61 67 59 18 75
Route 18 : 74 100 65
Route 19 : 28 95 66
Route 20 : 39 70 60
Route 21 : 82 86 32 46 25 6