Route 1 : 13 67 99 66
Route 2 : 78 6 27 25 36 10
Route 3 : 15 20 18 22
Route 4 : 2 37 100 85
Route 5 : 52 4 69 39
Route 6 : 28 21 45 49
Route 7 : 59 14 71 5 29
Route 8 : 95 61 9 56 83 41 1 46
Route 9 : 42 77 94 65 44 60
Route 10 : 70 8 38 98 55 57
Route 11 : 79 26 12 30 48
Route 12 : 43 47 3 86 72
Route 13 : 24 90 82 7
Route 14 : 89 80 40
Route 15 : 19 75 23 33 93
Route 16 : 51 11 58 50 84
Route 17 : 34 62 63 53 96 81 91
Route 18 : 68 16 17 32
Route 19 : 73 35 76 92 74
Route 20 : 87 88 31 54 97 64