Route 1 : 8 35 85 38
Route 2 : 45 62 69 29 5
Route 3 : 89 88 99 74 17 34
Route 4 : 86 76 75 3 46
Route 5 : 65 22 36 54
Route 6 : 68 95 87 84
Route 7 : 80 11 92 55
Route 8 : 82 78 31 67 90 97
Route 9 : 77 59 57 13 43
Route 10 : 16 93 61 27 49
Route 11 : 23 41 44 37
Route 12 : 83 39 94 96 63
Route 13 : 91 9 71 79
Route 14 : 81 26 58 24 51
Route 15 : 72 73 19 28 47
Route 16 : 64 10 32 70 50
Route 17 : 25 42 30 100 40 15
Route 18 : 56 1 2 48
Route 19 : 98 60 18 14
Route 20 : 66 33 6 20
Route 21 : 21 53 52 12 7 4