Route 1 : 13 8 91 44
Route 2 : 32 95 9
Route 3 : 94 26 36 63
Route 4 : 19 17 99 79 23
Route 5 : 42 34 21 47 4
Route 6 : 16 80 76 93
Route 7 : 52 27 78 31 84 87
Route 8 : 98 92 90 30 33 5
Route 9 : 6 48 29 1
Route 10 : 56 81 66 75
Route 11 : 18 96 97 40
Route 12 : 12 55 11 71 68 25
Route 13 : 3 69 45 70 64
Route 14 : 89 88 74 82 41
Route 15 : 83 2 86 60 53
Route 16 : 10 73 7 39 24 67
Route 17 : 50 14 77 58 100
Route 18 : 37 61 43 38 15 46
Route 19 : 51 62 59
Route 20 : 49 20 72 85 54 35
Route 21 : 22 65 57 28