Route 1 : 3 53 95
Route 2 : 89 33 65 77
Route 3 : 24 72 42 20 39
Route 4 : 96 91 76 99 56 100 90
Route 5 : 10 41 7 85 67
Route 6 : 23 69 45 81 63
Route 7 : 55 43 36 30
Route 8 : 8 27 38 37 58
Route 9 : 28 97 87 57
Route 10 : 1 78 2 94 68
Route 11 : 15 52 51 86 71 11 21
Route 12 : 26 34 82 9 49
Route 13 : 54 62 88 75 79 60 18 25
Route 14 : 19 66 92 73 98 61 6 31
Route 15 : 44 14 48 5
Route 16 : 16 17 46 70
Route 17 : 93 35 12 84 29 50
Route 18 : 80 64 83 74
Route 19 : 32 4 40
Route 20 : 59 22 13 47