Route 1 : 62 38 25 98 32 37
Route 2 : 73 18 58 2 74
Route 3 : 46 89 85 88 56
Route 4 : 29 33 72 82
Route 5 : 20 50 9 35 65
Route 6 : 96 4 75 92 15
Route 7 : 77 3 64 8
Route 8 : 28 49 67 6
Route 9 : 87 22 48 66
Route 10 : 5 34 57 45 40 17
Route 11 : 31 30 71 54 44 78 95
Route 12 : 21 86 42 61 99 68 100
Route 13 : 79 26 76 11 70 36
Route 14 : 81 53 47 63 10 43
Route 15 : 14 23 84 52
Route 16 : 93 19 60 69
Route 17 : 16 55 94 51 12 97 80
Route 18 : 13 27 7 91
Route 19 : 83 59 90 41
Route 20 : 39 24 1