Route 1 : 65 11 46 85
Route 2 : 26 15 5 81
Route 3 : 55 77 25 57 82
Route 4 : 73 97 96 94 4 37
Route 5 : 68 75 61
Route 6 : 27 80 72 18 14 83 90
Route 7 : 21 93 84 71 49
Route 8 : 95 12 98 89
Route 9 : 78 51 36 3 45 87
Route 10 : 40 20 44
Route 11 : 76 79 23 32 86 58
Route 12 : 38 56 34 30
Route 13 : 29 28 9 8 2 91 19
Route 14 : 62 92 17 88 63 99
Route 15 : 35 16 69 52
Route 16 : 43 6 67 54 39
Route 17 : 70 64 100 7
Route 18 : 1 59 10 42
Route 19 : 47 50 53 33 41
Route 20 : 22 74 66
Route 21 : 60 31 13 24 48