Route 1 : 8 52 65 13 18 83 3
Route 2 : 64 91 56 1 85 6
Route 3 : 55 59 4 58
Route 4 : 100 93 25 31 26 20
Route 5 : 72 57 12
Route 6 : 35 9 49 97 19 69 79
Route 7 : 29 38 77 32 14
Route 8 : 82 67 96 54 74
Route 9 : 37 71 47 42 75
Route 10 : 36 62 7 76
Route 11 : 89 99 24
Route 12 : 48 98 86 23
Route 13 : 17 44 68
Route 14 : 43 90 34 40 87
Route 15 : 28 11 27
Route 16 : 22 95 33 63 15
Route 17 : 73 50 66 60 30
Route 18 : 94 39 61 81 41
Route 19 : 88 21 78 53
Route 20 : 84 10 45 46 80
Route 21 : 92 5 16 51 2 70