Route 1 : 41 26 35 32 55 98
Route 2 : 48 96 93 86
Route 3 : 88 63 95 97 90 70
Route 4 : 80 21 58 82 84
Route 5 : 100 49 71 76
Route 6 : 46 77 12 87
Route 7 : 53 34 64 15 3 91 16
Route 8 : 11 9 1 30 40 44
Route 9 : 99 61 22 24 25 36
Route 10 : 92 56 37 57 68 60
Route 11 : 83 4 94 8
Route 12 : 39 19 10 75 66
Route 13 : 18 5 54 17
Route 14 : 31 2 51 50 69 27 38
Route 15 : 29 23 7
Route 16 : 42 81 62 20
Route 17 : 79 47 43 72 78 67
Route 18 : 6 52 28 59
Route 19 : 45 13 14 65
Route 20 : 74 33 89 73 85