Route 1 : 52 77 62
Route 2 : 92 60 65 23 17 33 9
Route 3 : 95 98 58 47
Route 4 : 20 19 66
Route 5 : 4 83 89 21 93 12
Route 6 : 7 61 3 43
Route 7 : 69 94 26 55 35 48 73
Route 8 : 49 79 91 18 25 90
Route 9 : 81 2 29 14 71
Route 10 : 80 82 38 57 97
Route 11 : 59 32 37 70 34 39
Route 12 : 72 42 36 28
Route 13 : 5 40 13 11 67
Route 14 : 74 100 96 87 44
Route 15 : 78 63 31 1 54
Route 16 : 51 24 10
Route 17 : 75 16 50 85 30 68
Route 18 : 76 46 88 53 22 8 41
Route 19 : 56 15 6 45
Route 20 : 27 99 84 64 86