Route 1 : 18 53 79 21
Route 2 : 4 23 54 83 33 39
Route 3 : 38 70 42 85
Route 4 : 56 2 12 65 32 66
Route 5 : 22 46 59
Route 6 : 31 90 40 62
Route 7 : 60 73 98 27
Route 8 : 20 89 97 61 75 28 14
Route 9 : 17 41 6 76 71
Route 10 : 94 16 24 48 72 49
Route 11 : 44 80 57 15 88
Route 12 : 43 63 55
Route 13 : 52 68 81 45 82
Route 14 : 67 74 84 13
Route 15 : 51 47 1 93
Route 16 : 5 3 87 8 29
Route 17 : 100 10 9 95
Route 18 : 69 78 92 19 36 96
Route 19 : 99 35 11 50 64 30
Route 20 : 91 25 86 77
Route 21 : 58 7 26 37 34