Route 1 : 100 27 13 20 97
Route 2 : 99 69 62 78 66 29
Route 3 : 51 45 89
Route 4 : 81 59 90 10 86
Route 5 : 44 19 47 43 23 35
Route 6 : 79 98 72 71
Route 7 : 55 96 3 8 70
Route 8 : 56 64 34 14 75
Route 9 : 83 50 39 80
Route 10 : 49 95 25 30 36
Route 11 : 38 54 53 74 84 37
Route 12 : 26 1 40 58
Route 13 : 93 92 17 4 11 91
Route 14 : 33 87 85 57 68 60
Route 15 : 76 63 5 88
Route 16 : 61 2 22 94
Route 17 : 82 9 42 48 52 41
Route 18 : 67 31 65 77 46 16
Route 19 : 73 7 24 6 18
Route 20 : 12 32 21 15 28