Route 1 : 63 70 45 24 96 74
Route 2 : 39 61 8 52 50
Route 3 : 26 37 79 4 89 95
Route 4 : 97 43 82 16 53
Route 5 : 10 91 81 2 46
Route 6 : 48 54 29
Route 7 : 76 13 9 38
Route 8 : 3 69 5 71
Route 9 : 25 19 21 77
Route 10 : 99 20 80 1 32 94
Route 11 : 12 90 68 17 56 7
Route 12 : 23 100 35 72
Route 13 : 73 22 57
Route 14 : 64 98 36 66 15
Route 15 : 78 87 28 51 67
Route 16 : 62 34 6 59 41 40
Route 17 : 47 86 60 31 42
Route 18 : 58 11 75
Route 19 : 84 14 93 55 33 44
Route 20 : 65 49 92 83 27
Route 21 : 30 85 88 18