Route 1 : 29 17 93 79
Route 2 : 26 8 38 68 92 51
Route 3 : 34 4 44 61
Route 4 : 1 7 99 86 42
Route 5 : 36 60 67 43 70
Route 6 : 100 2 12 18 59 71 46
Route 7 : 40 66 47 45
Route 8 : 10 94 28 58 73
Route 9 : 49 32 50 15
Route 10 : 13 80 81
Route 11 : 14 53 97 5 72
Route 12 : 33 84 52 76
Route 13 : 65 35 75 25 62
Route 14 : 64 91 30 85
Route 15 : 96 20 90 63 19 39
Route 16 : 82 23 22 37 3
Route 17 : 24 6 48 31
Route 18 : 89 21 27 88
Route 19 : 55 9 95 69
Route 20 : 41 98 16 54 11 83
Route 21 : 57 56 78 74 87 77