Route 1 : 5 73 34 80 26
Route 2 : 29 61 93 68 39
Route 3 : 13 36 63 14 99
Route 4 : 57 75 59 95 9
Route 5 : 8 81 18 49 11 85
Route 6 : 65 33 42 72 35
Route 7 : 48 76 100 58
Route 8 : 54 10 47 40 66 44
Route 9 : 71 2 28 78
Route 10 : 51 52 64 60
Route 11 : 62 94 25 88 1
Route 12 : 87 45 38 19 7 6 12
Route 13 : 41 27 17 91 15
Route 14 : 24 43 56 70 86
Route 15 : 53 55 89 3 90
Route 16 : 30 82 32 79
Route 17 : 21 84 4 16 77 96
Route 18 : 97 20 74 31 92
Route 19 : 69 98 83 37
Route 20 : 50 67 23 46 22