Route 1 : 73 11 3 96 86 77 21 24
Route 2 : 65 91 23 81
Route 3 : 38 97 20 33 35
Route 4 : 75 51 59
Route 5 : 50 43 56 55
Route 6 : 62 87 14 100 95 99
Route 7 : 82 29 88 66
Route 8 : 71 30 70 25 39
Route 9 : 84 79 49 85 4 36 83
Route 10 : 17 72 15 98
Route 11 : 76 57 13 41
Route 12 : 40 92 67 12
Route 13 : 60 31 78 22 47 46
Route 14 : 34 89 6
Route 15 : 68 80 37 27 53 61 5
Route 16 : 26 32 63 93
Route 17 : 58 8 28 1 94
Route 18 : 48 54 10 2 69 7
Route 19 : 16 52 64 44 18
Route 20 : 9 74 90 42 45 19