Route 1 : 52 9 10 35 45 1
Route 2 : 41 5 11 26 46 29 80
Route 3 : 27 18 94 49 2
Route 4 : 21 14 3 67 97
Route 5 : 37 43 90 33 83
Route 6 : 56 48 75 86 15
Route 7 : 42 96 28 88
Route 8 : 99 64 74 84 63
Route 9 : 69 100 77 13
Route 10 : 23 89 36 31 4 65
Route 11 : 98 19 53 25 76 6 85 34
Route 12 : 47 70 16 32 61
Route 13 : 40 24 30 87 71 78
Route 14 : 22 82 95 54
Route 15 : 92 73 38
Route 16 : 55 50 68 66 81 51
Route 17 : 59 12 93 58
Route 18 : 20 72 17 8
Route 19 : 62 7 39 91
Route 20 : 79 57 44 60