Route 1 : 43 77 89 91 67 4 81
Route 2 : 85 97 60 75 17
Route 3 : 90 76 58 21 65
Route 4 : 62 34 96 45
Route 5 : 38 88 8 92
Route 6 : 26 35 13 3 57
Route 7 : 50 36 64 94
Route 8 : 22 84 82 51 93
Route 9 : 16 28 71 33
Route 10 : 68 11 80 29
Route 11 : 9 46 48 19 15 37
Route 12 : 70 63 98 20
Route 13 : 1 73 59 23 69
Route 14 : 44 24 87 6 25
Route 15 : 18 2 61 53
Route 16 : 12 7 55 41 66
Route 17 : 5 47 30 78
Route 18 : 10 39 40 72 74
Route 19 : 31 14 42 86 27 54 32
Route 20 : 79 49 95 56
Route 21 : 100 83 52 99