Route 1 : 30 25 4 13 70 6
Route 2 : 39 24 45 22
Route 3 : 21 40 65 15 80
Route 4 : 78 69 17 47 56
Route 5 : 96 46 73 8
Route 6 : 35 33 91 79
Route 7 : 43 27 1 41
Route 8 : 54 94 37 59 88 51
Route 9 : 58 36 11 75 26
Route 10 : 44 57 31 62 5
Route 11 : 87 83 42 66 61 52 72
Route 12 : 81 63 34 48 3
Route 13 : 98 67 77 10 93
Route 14 : 23 74 95 60
Route 15 : 28 64 97 18 55
Route 16 : 14 7
Route 17 : 16 89 50 85 38 90 86
Route 18 : 76 68 71 92 84 100
Route 19 : 20 12 99 82
Route 20 : 49 19 53 32
Route 21 : 29 2 9