Route 1 : 18 20 70 5 89 91 40 19
Route 2 : 99 25 48 6
Route 3 : 60 14 10 98 66 62 67
Route 4 : 82 88 47 75 80 34
Route 5 : 16 42 69 55 57
Route 6 : 36 45 15 43 71
Route 7 : 81 35 78 100 59
Route 8 : 29 93 68 77 31 7
Route 9 : 33 92 46 17 3 94
Route 10 : 4 90 27 53
Route 11 : 84 28 79 65 49
Route 12 : 23 97 64 83 9 41 52
Route 13 : 2 58 22
Route 14 : 96 12 56 30 51
Route 15 : 37 13 50 38
Route 16 : 61 1 39
Route 17 : 21 74 85 72 24
Route 18 : 11 87 32 86
Route 19 : 44 95 63 76
Route 20 : 73 8 54 26