Route 1 : 21 95 11 17 93
Route 2 : 67 96 80 74 61 42
Route 3 : 24 14 30 100
Route 4 : 23 84 72 53 66
Route 5 : 63 81 45
Route 6 : 94 41 90 62 57 32
Route 7 : 39 86 64 33 9
Route 8 : 69 75 25 12 71
Route 9 : 2 26 16 47 79
Route 10 : 44 6 1 58 7
Route 11 : 98 77 27 48 8 28 51
Route 12 : 49 38 56 89 20 22
Route 13 : 87 91 15 85
Route 14 : 46 68 99 97 19 31
Route 15 : 3 73 5 88
Route 16 : 50 35 34 37
Route 17 : 13 10 82 36 78
Route 18 : 52 83 54 55
Route 19 : 60 92 76 18 70 40
Route 20 : 29 65 59 4 43