Route 1 : 97 8 11 22 19 78
Route 2 : 49 34 50 37 12
Route 3 : 85 64 81 53 44
Route 4 : 24 65 3 47 99 91 69 45
Route 5 : 96 18 89 92 27
Route 6 : 6 36 48 25 67 100 28
Route 7 : 13 55 66 15 2 35 46 94
Route 8 : 76 79 40
Route 9 : 57 20 26 58 84 60 31
Route 10 : 71 82 83 59 62
Route 11 : 70 98 16
Route 12 : 54 95 41 42
Route 13 : 30 32 9
Route 14 : 21 87 5 38
Route 15 : 68 29 39
Route 16 : 63 56 10 4 52 75
Route 17 : 23 17 43
Route 18 : 80 33 86 72
Route 19 : 14 1 90 74 73 61
Route 20 : 77 93 51 88 7