Route 1 : 59 93 11 53 49
Route 2 : 16 25 81
Route 3 : 39 9 26 97 28 41 37
Route 4 : 30 24 75 19 98
Route 5 : 71 31 12 45
Route 6 : 22 1 10 86 63 65 35
Route 7 : 56 8 52 4 42 44
Route 8 : 58 91 3 72 57 33 38
Route 9 : 99 7 13 66 5
Route 10 : 18 54 29 14
Route 11 : 20 2 23 43 50
Route 12 : 84 6 55
Route 13 : 74 40 83 89
Route 14 : 32 90 77 21
Route 15 : 64 62 46 67 47 78
Route 16 : 100 34 79 27 51
Route 17 : 82 95 92 36
Route 18 : 15 96 48
Route 19 : 17 70 88 94
Route 20 : 68 60 73 69
Route 21 : 76 87 85 80 61