Route 1 : 17 82 77 52 8
Route 2 : 33 49 38 97
Route 3 : 23 54 81 73 62
Route 4 : 42 89 30 88
Route 5 : 67 50 18 27
Route 6 : 66 95 80 29 87 13
Route 7 : 3 11 12 53 56
Route 8 : 68 94 25 22
Route 9 : 58 84 55 31
Route 10 : 59 85 2 16 47
Route 11 : 93 51 9 98 37 5
Route 12 : 32 63 72 57 40 96
Route 13 : 6 78 45 19 69 76
Route 14 : 65 28 64 44 21 92
Route 15 : 48 7 10 99 70
Route 16 : 36 35 74
Route 17 : 15 60 90 91 83
Route 18 : 79 41 1 43
Route 19 : 100 75 61 4 39
Route 20 : 46 26 71 86
Route 21 : 24 14 20 34