Route 1 : 92 34 74 65 90 70
Route 2 : 97 20 58 26 17 38
Route 3 : 24 76 4 84 16
Route 4 : 94 44 83 27 50
Route 5 : 62 56 15 55
Route 6 : 73 35 5 12 88
Route 7 : 14 43 30 79 10
Route 8 : 1 46 61 36 31
Route 9 : 9 39 13 95
Route 10 : 78 21 69 71
Route 11 : 18 67 6 60 49
Route 12 : 82 96 7 93 47
Route 13 : 75 53 28 33 37
Route 14 : 81 52 40 87 66
Route 15 : 2 100 64 63
Route 16 : 42 32 99 54 89 77
Route 17 : 45 48 11 91
Route 18 : 41 72 19 29
Route 19 : 23 57 8 86 51
Route 20 : 98 68 80 22
Route 21 : 25 3 85 59