Route 1 : 19 33 29 21 3 81
Route 2 : 55 84 7 24 42 11 6
Route 3 : 28 67 99 57
Route 4 : 61 31 89 27
Route 5 : 45 20 92 97 77
Route 6 : 12 25 69 72
Route 7 : 83 38 51 60 1 13
Route 8 : 86 94 70 18 35
Route 9 : 80 68 87 48 8
Route 10 : 90 96 66 17 40 43 39 34 41
Route 11 : 30 15 59
Route 12 : 73 71 85 52 23 63
Route 13 : 98 65 22
Route 14 : 14 16 49
Route 15 : 62 75 79 36 88 50
Route 16 : 4 26 82
Route 17 : 56 44 74 53
Route 18 : 64 58 93 100 32 46 5
Route 19 : 91 10 2 9 47 76
Route 20 : 54 95 37 78