Route 1 : 23 21 83 32 63
Route 2 : 26 1 18 56 75
Route 3 : 76 85 48 39
Route 4 : 34 13 35 97 66
Route 5 : 10 29 19 78 98
Route 6 : 7 31 44 80
Route 7 : 46 57 2 64 15
Route 8 : 28 4 43 20 45
Route 9 : 86 81 96 67
Route 10 : 8 93 3 82 92 61
Route 11 : 65 79 99 14 36 90
Route 12 : 84 12 52 5 53
Route 13 : 72 71 77 88 38
Route 14 : 11 17 100 6 54
Route 15 : 70 58 41
Route 16 : 33 47 55 16 59
Route 17 : 30 68 50 22 60
Route 18 : 89 51 95 94 62 37
Route 19 : 40 73 69 42
Route 20 : 87 27 9 49
Route 21 : 91 24 74 25