Route 1 : 29 90 4 81
Route 2 : 57 14 11 84 2
Route 3 : 6 13 66 30 37
Route 4 : 31 83 32 44 3 36
Route 5 : 87 85 77 55
Route 6 : 46 5 1 18
Route 7 : 25 92 28 51 67 89 72
Route 8 : 95 100 24
Route 9 : 38 94 97 93 33 9
Route 10 : 23 61 59 82
Route 11 : 64 58 78 21 50
Route 12 : 73 27 63 10 49 98
Route 13 : 79 96 19 20 45
Route 14 : 54 15 56 60
Route 15 : 76 74 41
Route 16 : 22 65 7 42 88 80
Route 17 : 47 52 40 34 69 26
Route 18 : 17 71 75 39 16 43 99
Route 19 : 53 8 35 91
Route 20 : 70 68 48
Route 21 : 12 86 62