Route 1 : 15 3 69 61 31
Route 2 : 20 26 47 63 30
Route 3 : 90 38 28 27 91
Route 4 : 55 54 35 93 78
Route 5 : 59 76 7
Route 6 : 10 39 25 23
Route 7 : 66 17 48 67 84 83 79
Route 8 : 14 77 60 32 43 50
Route 9 : 95 6 9 37
Route 10 : 100 16 89
Route 11 : 81 70 88 53 19
Route 12 : 52 42 99 57 62 92
Route 13 : 13 71 5 36 75 96 49
Route 14 : 33 8 21 44 74
Route 15 : 80 82 12 2 51
Route 16 : 94 86 40 22
Route 17 : 65 72 29 56
Route 18 : 58 98 11 64
Route 19 : 45 41 85 18
Route 20 : 68 97 24 46 73
Route 21 : 1 4 34 87