Route 1 : 96 45 21 2
Route 2 : 9 91 41 89
Route 3 : 64 86 15 75 14
Route 4 : 47 63 53 79
Route 5 : 69 10 24 85 4 94
Route 6 : 1 72 27 22 28
Route 7 : 19 34 76 49 20 48 31
Route 8 : 55 50 26
Route 9 : 12 92 16 57
Route 10 : 73 17 5
Route 11 : 77 44 13 66 82
Route 12 : 61 54 32 6 93 70
Route 13 : 36 42 43 29 3
Route 14 : 56 58 8 39
Route 15 : 95 40 67 90 37 38
Route 16 : 25 52 84
Route 17 : 59 46 7 18 80 65 88
Route 18 : 30 68 87 74 81
Route 19 : 71 11 60 62 83
Route 20 : 100 97 33 51
Route 21 : 99 78 98 23 35