Route 1 : 63 77 70 65
Route 2 : 45 9 60 20 99 84
Route 3 : 15 59 83 51 16 94 57 35
Route 4 : 2 87 41
Route 5 : 23 50 6 28 33
Route 6 : 11 98 40
Route 7 : 73 76 30 48
Route 8 : 95 64 93 56 75 55
Route 9 : 96 42 19 71 78 17 12
Route 10 : 25 38 36 97 61
Route 11 : 13 43 1 24
Route 12 : 21 18 68 47 88 85
Route 13 : 4 31 5 66 80 67
Route 14 : 92 49 62 22 44 10 53
Route 15 : 69 82 81 91
Route 16 : 29 3 89 34 90
Route 17 : 46 86 37 58 54
Route 18 : 72 32 27
Route 19 : 8 74 100 26
Route 20 : 39 14 52 7 79