Route 1 : 67 57 41 92 5
Route 2 : 94 83 26 36 7 44
Route 3 : 14 17 59 97 46 73
Route 4 : 48 76 66 87 79 4
Route 5 : 52 74 34 29 22
Route 6 : 58 18 56 85 2
Route 7 : 72 63 100 40
Route 8 : 86 51 1 49 43 13
Route 9 : 20 42 25 78 27
Route 10 : 54 82 3 31 60 61
Route 11 : 62 35 95 12
Route 12 : 77 55 39 10 91 98 99 71
Route 13 : 8 9 80 64
Route 14 : 69 33 23 21 75 50
Route 15 : 15 37 30 32
Route 16 : 68 16 88 24
Route 17 : 45 53 70 81
Route 18 : 28 89 47 65 6
Route 19 : 93 90 96
Route 20 : 19 38 11 84