Route 1 : 83 53 16 36 78 64
Route 2 : 12 55 14 40 38 46
Route 3 : 19 75 74 20 91 87
Route 4 : 89 11 59 56 13 45
Route 5 : 8 47 86 72
Route 6 : 54 6 98
Route 7 : 24 84 30 67
Route 8 : 10 1 94 51
Route 9 : 7 39 50 60 81
Route 10 : 77 41 49 70
Route 11 : 29 48 9 25 62 93
Route 12 : 26 22 27 88
Route 13 : 100 92 97 69 4 37 31 2
Route 14 : 32 15 33 85 17
Route 15 : 95 35 52 71
Route 16 : 73 34 3 28 21
Route 17 : 82 80 18 90 63
Route 18 : 96 58 42 44 99 76 79
Route 19 : 66 68 57 61 43
Route 20 : 23 65 5