Route 1 : 49 34 18 37 25 5 27
Route 2 : 40 58 39 83
Route 3 : 24 94 30 1 46 20
Route 4 : 66 22 41 45
Route 5 : 4 89 54 63 16
Route 6 : 98 12 70 85
Route 7 : 32 51 74 44
Route 8 : 76 79 100 71 31 86
Route 9 : 72 9 96 23 60
Route 10 : 19 59 62 95 99 28 50
Route 11 : 97 36 61
Route 12 : 14 47 13 84 73 26 88
Route 13 : 64 78 29 7
Route 14 : 68 43 82 75 35
Route 15 : 81 57 48
Route 16 : 17 80 8 15
Route 17 : 33 3 38 10 90
Route 18 : 11 92 56 67
Route 19 : 6 77 65
Route 20 : 21 91 55 93 69
Route 21 : 2 87 53 42 52