Route 1 : 11 44 12 100 78 57 30
Route 2 : 89 70 55 33 36
Route 3 : 75 43 26 50 38
Route 4 : 53 46 97 99 66 19
Route 5 : 45 63 71 14 86 76
Route 6 : 85 69 92 67
Route 7 : 74 94 80 28 42
Route 8 : 5 72 22 34 35
Route 9 : 73 2 25
Route 10 : 59 16 84 9 7 79
Route 11 : 23 51 65 81
Route 12 : 83 88 31 54 37 95
Route 13 : 8 64 98 13 17
Route 14 : 87 32 39 41 68
Route 15 : 18 62 90 10
Route 16 : 56 27 4 93 49
Route 17 : 96 47 60 1 40
Route 18 : 52 20 24
Route 19 : 61 29 6 15 48
Route 20 : 58 3 82 21 77 91