Route 1 : 99 40 86 91 94 34 82
Route 2 : 11 41 79 68 67
Route 3 : 8 96 36 45 37
Route 4 : 10 2 7 38 27 58
Route 5 : 18 72 13 32
Route 6 : 63 54 47 23
Route 7 : 92 57 77 81
Route 8 : 98 69 31 16 71
Route 9 : 97 14 17 25
Route 10 : 73 60 88 39
Route 11 : 55 24 65 80 1 43 26
Route 12 : 21 42 20 5
Route 13 : 33 85
Route 14 : 30 61 4 48 28 90 15 35
Route 15 : 83 64 89 51 75 50
Route 16 : 6 29 52 56 66
Route 17 : 100 78 53 46 84 59
Route 18 : 76 22 49
Route 19 : 19 62 95 87
Route 20 : 12 74 9 93 44 70 3