Route 1 : 71 26 99 97 91 48 45
Route 2 : 73 95 24 74
Route 3 : 35 18 34 70
Route 4 : 37 16 94 81 77
Route 5 : 8 78 60 40 58 66
Route 6 : 21 20 39 61 100 72 75
Route 7 : 4 80 22 3 30
Route 8 : 98 13 2 9 29
Route 9 : 10 43 17 27 63 31
Route 10 : 96 85 84 33 69
Route 11 : 59 55 62 53 87
Route 12 : 25 57 67 5
Route 13 : 47 42 32 7
Route 14 : 38 23 12 28
Route 15 : 82 56 51 44 86 92
Route 16 : 46 6 64 54 15
Route 17 : 1 41 14
Route 18 : 88 52 79 83 50
Route 19 : 36 68 90 19 89
Route 20 : 49 11 76 65 93