Route 1 : 81 91 12 5 67
Route 2 : 94 97 62 50 21
Route 3 : 4 60 73 89 15
Route 4 : 3 78 85 70 69
Route 5 : 40 83 47 13 84
Route 6 : 43 82 20 11 53 42 30
Route 7 : 31 61 49
Route 8 : 88 80 34 44
Route 9 : 57 87 8 16
Route 10 : 17 38 63 25 10 29 98 52
Route 11 : 99 28 59 76
Route 12 : 95 33 14 100 56
Route 13 : 39 24 65 92 35 6 9
Route 14 : 71 27 66 68 2
Route 15 : 1 41 32 77 75
Route 16 : 58 37 23 46 48
Route 17 : 19 51 93 45 72
Route 18 : 22 26 36
Route 19 : 7 64 55 90 96 74
Route 20 : 79 86 54 18