Route 1 : 79 23 31 21
Route 2 : 19 15 49 17 96 25
Route 3 : 5 71 7
Route 4 : 34 75 39 77 27
Route 5 : 84 43 78 92
Route 6 : 62 87 57 28 38 50 94
Route 7 : 1 44 47 3 100
Route 8 : 54 53 35 10 11 59 99
Route 9 : 73 2 68 51 8 63 14
Route 10 : 67 72 95
Route 11 : 60 81 86 12 6
Route 12 : 74 66 20 36 29 13
Route 13 : 83 64 90 22 93 40 30
Route 14 : 46 32 42 18 4
Route 15 : 80 82 70 41 16
Route 16 : 24 97 33
Route 17 : 88 56 91 26
Route 18 : 98 69 61 45
Route 19 : 76 55 9 89
Route 20 : 58 37 48
Route 21 : 85 52 65