Route 1 : 13 51 11 34 93
Route 2 : 53 8 90 57
Route 3 : 28 24 72
Route 4 : 21 82 62 45
Route 5 : 59 14 49 32
Route 6 : 25 92 69 44 71 6 2
Route 7 : 27 26 17 48 42 9 81
Route 8 : 80 23 78 20 1
Route 9 : 54 60 22 65
Route 10 : 58 79 47 29 86 96
Route 11 : 18 63 30
Route 12 : 41 98 3 87 16
Route 13 : 94 36 66 50 56
Route 14 : 95 52 38 85 76
Route 15 : 68 91 97 55 12 31
Route 16 : 5 15 73 10
Route 17 : 43 64 84 40 35
Route 18 : 7 37 75
Route 19 : 4 77 33 67 89 61
Route 20 : 70 74 100 83 46 99
Route 21 : 88 19 39