Route 1 : 37 23 69 46 1 81 45
Route 2 : 72 93 67 80 48
Route 3 : 87 63 84 43 10
Route 4 : 40 6 36 61
Route 5 : 21 89 29 5 20 2 71
Route 6 : 12 15 78 26
Route 7 : 44 82 54 33 83
Route 8 : 76 49 86
Route 9 : 35 52 32 85
Route 10 : 42 18 70 74 100 8 30
Route 11 : 25 27 68 88
Route 12 : 97 28 9 13
Route 13 : 24 47 3 55 95
Route 14 : 98 65 16 7 99
Route 15 : 39 56 17 11 38 62
Route 16 : 51 41 4 59
Route 17 : 60 73 75 92 22 79 94
Route 18 : 90 96 34 66
Route 19 : 53 91 14 58 57 19
Route 20 : 64 77 31 50