Route 1 : 12 33 54 38 100 50 37
Route 2 : 41 17 14 86 73 11 30
Route 3 : 51 44 15 26 98 83 56 89
Route 4 : 69 68 34 84
Route 5 : 21 32 27 92 85
Route 6 : 77 71 13 94
Route 7 : 28 55 96 65
Route 8 : 42 22 40
Route 9 : 53 57 88 5 47 36
Route 10 : 43 72 93 97 78 59
Route 11 : 76 46 7 1 90
Route 12 : 70 95 79 61 82
Route 13 : 66 35 20
Route 14 : 2 24 8 6 45 48 49 81
Route 15 : 29 10 39 4
Route 16 : 60 63 19
Route 17 : 67 52 75 80
Route 18 : 99 3 31 23
Route 19 : 62 74 9 64 91 18
Route 20 : 58 87 25 16