Route 1 : 51 99 45 16 20
Route 2 : 9 21 15 39 89
Route 3 : 95 35 77 43 42 13
Route 4 : 97 10 53 33 19
Route 5 : 59 47 98 17 92
Route 6 : 73 36 14 57 96
Route 7 : 76 18 78 67
Route 8 : 25 4 44 38 70 63
Route 9 : 87 71 46 30 22
Route 10 : 93 83 37 34 82
Route 11 : 100 72 29 2 52
Route 12 : 24 50 65 27
Route 13 : 3 7 58 11 86
Route 14 : 31 40 23 56 66
Route 15 : 81 88 69 28 90 6
Route 16 : 61 94 8 91 26 55
Route 17 : 32 85 60 1 68
Route 18 : 49 12 62 79 74
Route 19 : 75 5 48 41
Route 20 : 80 64 84 54