Route 1 : 19 97 35 31
Route 2 : 78 55 76 67
Route 3 : 49 34 95 81 45
Route 4 : 1 25 38 62
Route 5 : 4 37 99 93 75 74
Route 6 : 46 84 86 94
Route 7 : 12 23 70 72 32
Route 8 : 14 53 56 28 39 50
Route 9 : 2 69 83 77 80
Route 10 : 48 33 29 10 57
Route 11 : 64 85 9 54
Route 12 : 65 58 59 47
Route 13 : 21 60 5 44
Route 14 : 42 15 3 68 6 79
Route 15 : 26 92 88 7 51
Route 16 : 82 90 61 52 18
Route 17 : 40 30 98 91
Route 18 : 24 13 43 27 17 71 16 73
Route 19 : 36 63 11
Route 20 : 100 87 41 22 8
Route 21 : 66 89 20 96