Route 1 : 62 50 61 41
Route 2 : 4 47 6 39
Route 3 : 78 97 65 73 43 71
Route 4 : 77 31 24 15
Route 5 : 66 5 22 28 35
Route 6 : 95 59 42 100 1
Route 7 : 33 64 10 17
Route 8 : 8 3 93 57 72
Route 9 : 83 56 45 54 98
Route 10 : 7 67 58 52 69 99
Route 11 : 2 51 91 30 9
Route 12 : 48 92 84 12 88
Route 13 : 11 75 94 82 38
Route 14 : 89 79 29 36
Route 15 : 20 68 53 13
Route 16 : 40 25 76 23 86
Route 17 : 80 96 55 81
Route 18 : 90 44 37 32 26
Route 19 : 19 46 14 63 87
Route 20 : 27 60 18 21
Route 21 : 74 34 85 70 16 49