Route 1 : 87 21 68 78 89
Route 2 : 76 58 23 62
Route 3 : 69 88 97 93
Route 4 : 12 42 15 55 28 52
Route 5 : 100 86 91 1 85
Route 6 : 83 17 84 49 31
Route 7 : 92 53 41 25 19
Route 8 : 79 48 72 51
Route 9 : 8 43 75 80 73 90
Route 10 : 63 99 26 67 74 71
Route 11 : 54 40 18 32
Route 12 : 66 16 38 98 20
Route 13 : 4 33 3 39
Route 14 : 27 29 81 6 60
Route 15 : 44 59 34 37 45
Route 16 : 14 95 77 36 82 94
Route 17 : 11 7 56 96 57
Route 18 : 5 47 9 35 13 30
Route 19 : 64 46 22 10 2
Route 20 : 50 24 70 61 65