Route 1 : 56 50 98 33
Route 2 : 69 97 4 40 5
Route 3 : 76 71 1 96 78 68
Route 4 : 13 2 27 48 15
Route 5 : 7 52 90 88 75
Route 6 : 3 72 60 58 39
Route 7 : 82 81 26 64 80
Route 8 : 94 79 44 51
Route 9 : 24 55 70 53 93 35
Route 10 : 89 14 59 34 65
Route 11 : 16 23 57 19 12 49
Route 12 : 54 22 74 18 77 45
Route 13 : 31 62 25 17 47
Route 14 : 99 41 87 37
Route 15 : 32 67 73 38 84 85
Route 16 : 92 95 100 11
Route 17 : 86 43 46 29 36 66
Route 18 : 6 28 63 30
Route 19 : 83 21 91 9 42
Route 20 : 61 8 10 20