Route 1 : 30 74 55 70 24 66
Route 2 : 56 54 98 10 25
Route 3 : 45 97 67 78 36
Route 4 : 34 22 39 94
Route 5 : 20 77 21 4 69
Route 6 : 50 33 29 79
Route 7 : 48 28 73 17
Route 8 : 7 81 18 9
Route 9 : 92 64 5 49 44
Route 10 : 88 59 89
Route 11 : 62 87 32 41 47
Route 12 : 1 12 38 52 37
Route 13 : 57 86 93 3 19
Route 14 : 26 42 6 82 2
Route 15 : 68 75 11 90
Route 16 : 71 58 40 27 15 14 85 51
Route 17 : 84 60 53 35
Route 18 : 43 13 31 99 80
Route 19 : 63 96 16 65 72
Route 20 : 83 76 23 100 46
Route 21 : 61 95 91 8