Route 1 : 84 46 19 24 67 4
Route 2 : 97 32 33 57 14 59
Route 3 : 27 13 6 73 45 26
Route 4 : 79 18 53 58
Route 5 : 98 83 90
Route 6 : 17 61 74 42
Route 7 : 52 22 31 7
Route 8 : 5 62 65 68 30
Route 9 : 49 54 88 72
Route 10 : 47 96 8
Route 11 : 15 99 70 56 20
Route 12 : 76 48 95 51 69
Route 13 : 11 3 12 25 91
Route 14 : 64 55 21 82 23
Route 15 : 35 80 63 85
Route 16 : 92 44 28 50
Route 17 : 81 87 2 60 89 16
Route 18 : 36 100 34 75 66 39
Route 19 : 9 40 38 93 94 29
Route 20 : 37 10 1 77 43
Route 21 : 78 86 71 41