Route 1 : 73 83 85 43
Route 2 : 27 100 87
Route 3 : 3 17 40 60 57 15
Route 4 : 66 11 49 80 84 62
Route 5 : 91 51 70 65
Route 6 : 52 54 36 31
Route 7 : 25 41 74 18
Route 8 : 53 46 55 10
Route 9 : 12 63 19 48
Route 10 : 90 95 16 71 76 96
Route 11 : 59 81 50 61
Route 12 : 34 99 1 13 38
Route 13 : 9 37 44 30 58 68
Route 14 : 7 78 56 4 94
Route 15 : 29 2 22 82
Route 16 : 23 79 67 32 39 26
Route 17 : 86 64 35 5
Route 18 : 8 92 77 75
Route 19 : 6 24 98 88 47 42 93 72
Route 20 : 20 69 28 33
Route 21 : 21 45 97 14 89