Route 1 : 3 35 29 34 18 39
Route 2 : 49 11 61 25
Route 3 : 7 76 84 70 40 96 72
Route 4 : 91 33 6 43
Route 5 : 10 36 47 90 4
Route 6 : 77 42 62 79 82 55
Route 7 : 48 26 30 94 54
Route 8 : 2 22 50 37
Route 9 : 51 89 63 66 59 83 75
Route 10 : 93 8 32 9
Route 11 : 87 57 60 68 100
Route 12 : 17 97 23 78 99 64
Route 13 : 38 28 27 67 13 21 24
Route 14 : 5 65 45 41
Route 15 : 58 86 73 52
Route 16 : 44 31 53 85 19
Route 17 : 69 14 56 12
Route 18 : 80 1 16 81 20
Route 19 : 46 95 92 88
Route 20 : 98 74 71 15