Route 1 : 6 45 93 50 32 69 2
Route 2 : 27 91 59 84 53
Route 3 : 20 96 34 22 35
Route 4 : 46 18 76 80 26
Route 5 : 37 98 7 21 78 43
Route 6 : 29 62 44 17 100
Route 7 : 68 38 12
Route 8 : 25 74 33 51 39
Route 9 : 56 42 87 60 16 88
Route 10 : 19 14 61 77 94
Route 11 : 49 3 90 63
Route 12 : 79 89 55 57 41
Route 13 : 28 48 85 54
Route 14 : 30 40 10 95 73 5 70
Route 15 : 67 72 1 11
Route 16 : 31 86 65 75
Route 17 : 83 64 81 24 58
Route 18 : 13 23 92 99
Route 19 : 82 8 52 71 97 36
Route 20 : 4 47 66 9 15