Route 1 : 42 44 59 95 2
Route 2 : 92 5 41 1 79 3 98
Route 3 : 27 49 47
Route 4 : 52 6 53 63 68
Route 5 : 29 21 91 71
Route 6 : 38 36 48 34 14 80
Route 7 : 82 72 67 22 15
Route 8 : 26 55 46 87 81 11
Route 9 : 40 32 20 24
Route 10 : 64 83 19
Route 11 : 50 62 66 43 33
Route 12 : 86 74 75 16 54
Route 13 : 93 85 60 35
Route 14 : 39 73 94 25 88
Route 15 : 61 8 96 70 99 4
Route 16 : 69 90 45 84 10 78
Route 17 : 97 65 18 12
Route 18 : 30 17 100 58 13 51 89
Route 19 : 31 23 56 7 37
Route 20 : 77 57 76 9 28