Route 1 : 37 9 25 98 60 23
Route 2 : 67 15 8 21 16
Route 3 : 52 32 88 56 51
Route 4 : 78 1 89 80 84
Route 5 : 70 96 31 72 44 42 3
Route 6 : 62 13 47 43
Route 7 : 38 12 2 90 69
Route 8 : 77 24 91 83 76
Route 9 : 45 41 53 93 22
Route 10 : 18 85 55 11
Route 11 : 46 40 20 97 63
Route 12 : 66 26 39 29 92
Route 13 : 73 33 61 75 58 30
Route 14 : 95 86 17 82
Route 15 : 94 28 27 99 34
Route 16 : 74 4 6 57 48 50
Route 17 : 68 81 5 59 19
Route 18 : 100 10 7 79 87
Route 19 : 49 14 35 64
Route 20 : 36 54 65 71