Route 1 : 1 2 81 89 18 84 8 78
Route 2 : 25 49 33 38 27
Route 3 : 64 86 99 85 98
Route 4 : 3 50 71 53
Route 5 : 67 79 92 59
Route 6 : 72 11 97 10
Route 7 : 95 63 20 17 47
Route 8 : 42 96 12 58
Route 9 : 37 35 4 66 51 7
Route 10 : 87 70 46 45 29 22
Route 11 : 19 43 76 62 26 16 23
Route 12 : 90 21 32 9
Route 13 : 5 14 41 40
Route 14 : 68 61 80 6 77 30
Route 15 : 82 28 15 52 34 13 48
Route 16 : 56 94 83 69
Route 17 : 60 31 39 91
Route 18 : 24 73 55 100
Route 19 : 57 75 88 65 93
Route 20 : 44 36 74 54