Route 1 : 23 47 53 94 89 33 25
Route 2 : 1 38 71 61 40 68 37 80
Route 3 : 51 8 39 32
Route 4 : 22 7 21 36
Route 5 : 27 54 85 11 72 73 6
Route 6 : 35 41 49 13 28 84
Route 7 : 81 45 16 20 44
Route 8 : 30 56 79 65
Route 9 : 83 64 99 29
Route 10 : 46 48 93 74 86 52
Route 11 : 9 17 24
Route 12 : 92 67 88
Route 13 : 18 14 3 96 2 12
Route 14 : 90 95 10
Route 15 : 97 69 59 15
Route 16 : 63 77 78
Route 17 : 62 58 5 34 50 91 98 19
Route 18 : 66 70 60 57 75
Route 19 : 100 82 76
Route 20 : 31 55 87 4 42 26 43