Route 1 : 13 56 16 86
Route 2 : 52 19 45 24 44
Route 3 : 10 41 34 78
Route 4 : 65 20 18 17 55 99 12 4
Route 5 : 82 43 7 92 59
Route 6 : 51 75 1 38 40 47
Route 7 : 23 91 67 69 8
Route 8 : 79 9 25 2 49 62
Route 9 : 27 37 39
Route 10 : 74 58 54
Route 11 : 80 76 73 6 60
Route 12 : 77 95 70 36 94 84 31
Route 13 : 21 85 63 57 53 66 61
Route 14 : 46 30 15 28
Route 15 : 96 100 48 83
Route 16 : 26 64 97 89
Route 17 : 35 29 68 72 81
Route 18 : 5 87 93 11 90
Route 19 : 71 98 14 42 88
Route 20 : 3 50 22 32 33