Route 1 : 24 94 92 39 32 42
Route 2 : 23 81 30 56 33
Route 3 : 34 58 80 78 55
Route 4 : 21 15 86 9 14
Route 5 : 87 88 93 16 100 37 28
Route 6 : 26 90
Route 7 : 22 84 53 46 35 52
Route 8 : 73 43 40
Route 9 : 75 48 62 74 38
Route 10 : 31 54 96 91
Route 11 : 95 13 1
Route 12 : 49 6 20 85
Route 13 : 57 17 99 7 41
Route 14 : 27 12 18
Route 15 : 5 68 98 79 69 72 76
Route 16 : 83 50 63 97 60 51
Route 17 : 29 10 65 64
Route 18 : 70 66 2 77 36 71 82 25
Route 19 : 45 11 47 59
Route 20 : 67 44 89 19 3
Route 21 : 8 61 4