Route 1 : 24 68 13 64 16
Route 2 : 87 71 85
Route 3 : 94 86 72 31 66
Route 4 : 7 18 6 83
Route 5 : 33 42 50 53 57 54
Route 6 : 38 96 75 43 5
Route 7 : 11 15 67 74
Route 8 : 36 8 70 3
Route 9 : 2 49 52 30
Route 10 : 44 98 97
Route 11 : 62 82 84 69 25
Route 12 : 100 95 88 35
Route 13 : 10 34 47 20 26
Route 14 : 81 93 39 23 48 14
Route 15 : 1 65 60 90 56 32
Route 16 : 79 4 40 99
Route 17 : 63 58 46 29 92 78 45
Route 18 : 76 41 89 80 22 37
Route 19 : 77 28 9 59 17
Route 20 : 12 51 61 21
Route 21 : 19 27 73 55 91