Route 1 : 36 38 5 56 53
Route 2 : 28 39 55 18 1 50
Route 3 : 66 81 27 83
Route 4 : 60 84 62 21 13
Route 5 : 19 82 51 8 11
Route 6 : 71 74 72 6
Route 7 : 20 87 35 88
Route 8 : 26 43 90 54 16
Route 9 : 24 48 44 94 78 98
Route 10 : 2 31 89 25 59
Route 11 : 47 91 15 30 73 86 14
Route 12 : 34 17 29 10 99
Route 13 : 46 4 69 68 58 49
Route 14 : 93 85 80 12 70 32
Route 15 : 92 79 40 57 65
Route 16 : 97 96 95 67
Route 17 : 100 37 77 33 23 64
Route 18 : 76 61 41 7 45 42
Route 19 : 75 3 63
Route 20 : 22 9 52