Route 1 : 55 80 7 27 46 4 34
Route 2 : 66 12 31
Route 3 : 83 25 89 18 99 76 67
Route 4 : 52 14 28 20
Route 5 : 11 82 56 90 33
Route 6 : 96 77 26
Route 7 : 60 62 79 49 38
Route 8 : 92 75 23 59 5 16 84
Route 9 : 32 81 88 22 91
Route 10 : 39 1 63 13
Route 11 : 9 57 97 94
Route 12 : 44 69 43 98 29 2
Route 13 : 87 64 6
Route 14 : 45 70 54 19 61 65
Route 15 : 17 72 8 36 37
Route 16 : 95 50 74 73 21 47
Route 17 : 40 100 10 41 53 3
Route 18 : 58 71 78 24
Route 19 : 30 86 51 93 42 85
Route 20 : 15 68 48 35