Route 1 : 21 31 100 16 10
Route 2 : 93 68 44 62 83 24 63
Route 3 : 8 90 89 56 65 48
Route 4 : 50 36 78 18
Route 5 : 25 85 14 39 96
Route 6 : 7 95 3 33 73
Route 7 : 97 47 87
Route 8 : 29 17 12 52 72
Route 9 : 99 58 67 49
Route 10 : 5 27 26 45 88
Route 11 : 28 15 51 77 94
Route 12 : 76 54 4 53 23 74
Route 13 : 2 43 19 57
Route 14 : 64 9 86 46 41 22
Route 15 : 79 32 92 75 6
Route 16 : 35 55 61 37
Route 17 : 40 42 71 38 66 30 11
Route 18 : 98 60 91 20 69 13 34
Route 19 : 84 1 80
Route 20 : 82 81 59 70