Route 1 : 10 56 58 8 23
Route 2 : 97 45 40 26 93 15 52 1
Route 3 : 60 25 14 80 57 44
Route 4 : 34 9 76 11 81 42
Route 5 : 96 66 43 74 38 86
Route 6 : 19 16 67 49 21 33
Route 7 : 6 54 7 99 68 39 59
Route 8 : 95 29 78 61 82
Route 9 : 50 72 71
Route 10 : 94 53 2 64 79 87
Route 11 : 55 28 90 91 37 31
Route 12 : 77 32 89
Route 13 : 41 83 69
Route 14 : 92 36 47 51 84
Route 15 : 70 3 73 46
Route 16 : 88 85 98 4 12 35
Route 17 : 24 48 63 22
Route 18 : 13 62 100
Route 19 : 18 20 27 75
Route 20 : 30 5 65 17