Route 1 : 71 98 72 74
Route 2 : 83 2 7 60 10 28 26 47 36
Route 3 : 64 24 82 48 99 85
Route 4 : 57 12 11 62
Route 5 : 50 44 93 75 67 90
Route 6 : 84 96 95 91
Route 7 : 14 89 52 66 5 13
Route 8 : 3 87 23
Route 9 : 78 70 88
Route 10 : 79 92 37 100
Route 11 : 33 68 27 73
Route 12 : 49 59 97 58 77 19
Route 13 : 46 56 21 8 80
Route 14 : 38 54 31
Route 15 : 39 76 41 9 35
Route 16 : 53 20 1
Route 17 : 17 63 18 16 94 32 43
Route 18 : 40 61 15 29 42 81
Route 19 : 86 30 22 6
Route 20 : 25 65 69
Route 21 : 34 4 55 51 45