Route 1 : 62 80 53 11 31
Route 2 : 34 27 39 3 37 40
Route 3 : 55 22 7 49
Route 4 : 52 16 25 42 19 43 35
Route 5 : 94 93 95 54
Route 6 : 97 69 45 20
Route 7 : 71 91 63 76
Route 8 : 51 72 74 66 90
Route 9 : 73 61 30 70
Route 10 : 81 14 4 2 50 18
Route 11 : 47 92 83 98
Route 12 : 24 82 89 9 15
Route 13 : 56 75 12 96
Route 14 : 57 85 59 32 6
Route 15 : 67 60 10 78
Route 16 : 65 38 99
Route 17 : 29 77 13 21 8 41
Route 18 : 17 79 48 1 23 5 87 46
Route 19 : 28 58 100 84
Route 20 : 36 64 86 26 68
Route 21 : 33 44 88