Route 1 : 14 76 41 3
Route 2 : 46 72 23 77
Route 3 : 9 75 21 4 89
Route 4 : 38 17 59 68
Route 5 : 86 98 24 94 56 99
Route 6 : 25 36 33 18
Route 7 : 69 13 12 35 15
Route 8 : 45 57 62 93
Route 9 : 34 52 5 37 71
Route 10 : 32 55 64 66 20
Route 11 : 82 92 47 48 6 67
Route 12 : 83 74 85 27 87
Route 13 : 79 78 10 63 16
Route 14 : 50 73 26 53 30
Route 15 : 90 61 28 70 42
Route 16 : 43 91 11 31
Route 17 : 49 44 81 1 8 39
Route 18 : 100 96 2 80 84 58
Route 19 : 54 22 19 51
Route 20 : 88 97 60 29
Route 21 : 95 40 7 65