Route 1 : 78 87 56 77
Route 2 : 89 11 45 49 13
Route 3 : 95 55 6 61 85 37
Route 4 : 54 28 4 23 58
Route 5 : 32 97 86 26
Route 6 : 44 50 48 80
Route 7 : 62 81 52
Route 8 : 10 65 34 21 96 27 30 75 19
Route 9 : 9 2 3 70 36 83
Route 10 : 73 35 15 71 14
Route 11 : 16 82 33 7 47
Route 12 : 1 53 72 17
Route 13 : 74 22 38 93
Route 14 : 98 51 69 91 79 90 63
Route 15 : 8 67 5
Route 16 : 94 18 92 60 20 42
Route 17 : 68 100 12
Route 18 : 43 76 39 84 59 64 31
Route 19 : 88 66 46 99 57
Route 20 : 24 41 29 25 40