Route 1 : 36 95 34 90 51 62
Route 2 : 87 68 91 89
Route 3 : 43 64 72 84 67
Route 4 : 96 60 82 46 22 35 19
Route 5 : 28 18 25 15 13
Route 6 : 71 45 58 48 49
Route 7 : 79 5 16
Route 8 : 2 97 42 17 12 41
Route 9 : 55 30 54 24 85
Route 10 : 56 4 100 65 26
Route 11 : 14 6 44 3
Route 12 : 20 10 98 1
Route 13 : 73 94 99 83
Route 14 : 29 80 93 21 9 7
Route 15 : 31 57 81 59
Route 16 : 50 61 63 76
Route 17 : 70 86 23 52 92 66 40
Route 18 : 11 75 74 32 88
Route 19 : 27 8 77 39 37 78
Route 20 : 33 38 47 69 53