Route 1 : 51 21 44 88 56
Route 2 : 72 28 7 47 97 90
Route 3 : 85 71 45 17 70 34
Route 4 : 55 42 96
Route 5 : 83 50 33 73 43
Route 6 : 3 87 2 77 20
Route 7 : 57 60 99 29
Route 8 : 67 30 23 26 12
Route 9 : 92 86 98 22
Route 10 : 38 61 18 27 64
Route 11 : 14 37 19 91 82 93
Route 12 : 68 49 31 46 48
Route 13 : 59 15 13 63 24 52
Route 14 : 75 32 8 41 100
Route 15 : 62 58 81 35 78 54 40
Route 16 : 94 66 65 11 95
Route 17 : 89 4 53 80
Route 18 : 9 76 10 6 25
Route 19 : 79 84 5 16 69
Route 20 : 36 1 74 39