Route 1 : 14 93 78 85 74
Route 2 : 36 52 70 56
Route 3 : 15 63 80 71 53
Route 4 : 45 55 8 12
Route 5 : 21 1 77 40
Route 6 : 6 75 51 19 17
Route 7 : 94 87 96 64
Route 8 : 18 83 99 35 49
Route 9 : 81 69 33 82
Route 10 : 29 59 60 39
Route 11 : 2 7 42 11 9
Route 12 : 25 73 3 84
Route 13 : 54 79 97 68 5 57
Route 14 : 92 48 28 100 72 27 10
Route 15 : 91 76 4 98 20 46
Route 16 : 13 47 30 37 38
Route 17 : 34 58 95 23 44 90
Route 18 : 43 41 65 31 32 66 22
Route 19 : 16 61 24 62
Route 20 : 67 86 89 50 26 88