Route 1 : 66 59 54 44 96 77 31
Route 2 : 98 39 90 8 4
Route 3 : 65 68 84 2 37
Route 4 : 62 69 15 7
Route 5 : 16 38 82 50
Route 6 : 9 23 36 86
Route 7 : 1 93 30 80 42 45
Route 8 : 27 56 28 17 53
Route 9 : 21 94 55 32 75
Route 10 : 49 29 72 6 64
Route 11 : 91 79 18 5 48
Route 12 : 12 13 61 88 34 87 41
Route 13 : 92 60 97 57 52 67
Route 14 : 81 73 14 70 51 83
Route 15 : 26 58 95 24 11
Route 16 : 100 40 78 46
Route 17 : 89 76 22 20
Route 18 : 74 85 3 47
Route 19 : 43 33 99 71 63
Route 20 : 25 19 10 35