Route 1 : 6 52 42 2 38 79 21
Route 2 : 50 82 84 64 75
Route 3 : 69 43 47 85 41 16 25 57
Route 4 : 20 14 58 60 78
Route 5 : 95 40 44 32
Route 6 : 67 31 28 89 59 63
Route 7 : 48 56 71 74
Route 8 : 88 91 23 53 83
Route 9 : 11 26 65 5
Route 10 : 68 96 54 19 15 17 87
Route 11 : 76 99 45
Route 12 : 46 10 51 12
Route 13 : 66 70 8 55 34
Route 14 : 39 33 37 7 81
Route 15 : 73 3 72
Route 16 : 90 77 36 29 98
Route 17 : 94 1 18 100 9
Route 18 : 4 30 62
Route 19 : 35 97 61 86 92
Route 20 : 24 49 22 27 93 13 80