Route 1 : 30 9 29 28 16 85 8 75 21
Route 2 : 91 50 32 1
Route 3 : 20 5 36 53
Route 4 : 60 52 71 94 97 14
Route 5 : 41 77 44 63 56
Route 6 : 95 2 31 7 47 45 87
Route 7 : 38 25 37 39
Route 8 : 40 17 81 6 98
Route 9 : 10 18 33 27 80
Route 10 : 70 12 76 88 64 26
Route 11 : 62 48 34 93
Route 12 : 54 90 61 74 59 78
Route 13 : 49 89 100 82
Route 14 : 55 86 19 69
Route 15 : 4 46 3 68 24 99 96
Route 16 : 73 79 57 92 43
Route 17 : 42 11 35 51 65
Route 18 : 13 23 72
Route 19 : 67 84 22
Route 20 : 66 58 15 83