Route 1 : 41 83 82 5
Route 2 : 57 61 36 69 17 14 49
Route 3 : 45 8 34 62 4
Route 4 : 44 64 40 86 89
Route 5 : 90 60 52 81 42 56
Route 6 : 13 92 2 96 16
Route 7 : 43 48 35 99
Route 8 : 73 21 6 76 87 78
Route 9 : 70 25 37 94 30 12
Route 10 : 98 33 22 26 15
Route 11 : 3 53 97 50
Route 12 : 88 10 74 55 54
Route 13 : 18 63 65 20 58
Route 14 : 47 29 39 27
Route 15 : 32 7 46 93
Route 16 : 19 1 11 31
Route 17 : 9 59 71 75 38
Route 18 : 79 80 68 84 67 85 28
Route 19 : 95 51 66 23
Route 20 : 91 100 72 24 77