Route 1 : 86 49 15 33 92
Route 2 : 73 35 96 91 63 6
Route 3 : 90 22 14 66
Route 4 : 37 46 79 20 50 36
Route 5 : 95 48 78 2 82
Route 6 : 1 64 28 40 56
Route 7 : 47 94 89 13 87
Route 8 : 9 24 85 17
Route 9 : 25 88 42 34 55
Route 10 : 69 32 83 44 57
Route 11 : 53 27 99 41 62 3
Route 12 : 31 100 26 19
Route 13 : 81 97 45 98
Route 14 : 10 68 80 71 7
Route 15 : 93 4 38 29 84 43 67
Route 16 : 39 16 18 54
Route 17 : 61 11 76 23 52
Route 18 : 51 74 75 70
Route 19 : 8 59 77
Route 20 : 72 65 60 30
Route 21 : 58 5 21 12