Route 1 : 86 16 11 94
Route 2 : 62 27 59 53 60 55 57
Route 3 : 40 87 64 99
Route 4 : 17 48 68 76
Route 5 : 21 42 81 30 100 71
Route 6 : 69 24 35 89 29
Route 7 : 88 93 37 90 92
Route 8 : 75 14 58 45 70 1 73
Route 9 : 77 20 78 34
Route 10 : 6 66 25 51 9 38 39
Route 11 : 84 61 8 23
Route 12 : 3 10 15 74 49
Route 13 : 72 2 56 32 65
Route 14 : 44 85 47
Route 15 : 91 67 50 31
Route 16 : 79 12 98 95 83
Route 17 : 28 26 18 97 33 80
Route 18 : 13 54 41 19 52 7
Route 19 : 82 46 63 4 22
Route 20 : 5 96 36 43