Route 1 : 29 87 63 100 47
Route 2 : 4 56 31 22 39 11 10 32
Route 3 : 20 46 16 60 77
Route 4 : 96 54 74 62 99
Route 5 : 18 5 93 80
Route 6 : 76 55 27 17 83 42
Route 7 : 65 24 13 37 36
Route 8 : 84 78 81 58
Route 9 : 9 53 79 49 33 82 59
Route 10 : 51 64 28 21 30
Route 11 : 66 70 8 25 12 40
Route 12 : 57 92 2 50 1
Route 13 : 23 75 91
Route 14 : 69 97 61 90 88
Route 15 : 14 85 15 95 67
Route 16 : 73 45 94 35
Route 17 : 52 43 44 3 34 48 41
Route 18 : 98 26 68 72
Route 19 : 86 6 38 7
Route 20 : 71 19 89