Route 1 : 73 62 4 11
Route 2 : 5 100 90 70
Route 3 : 32 28 44 52
Route 4 : 95 93 13 88 92 40
Route 5 : 37 75 29 17
Route 6 : 87 47 6 83 18
Route 7 : 39 2 71 53 35 65
Route 8 : 64 46 51 78 56
Route 9 : 27 55 57
Route 10 : 8 96 89 31 10
Route 11 : 20 74 43 84
Route 12 : 63 33 86 60 3 85
Route 13 : 16 80 59 98
Route 14 : 21 49 42 77 30
Route 15 : 7 36 38 69 1
Route 16 : 12 41 15 67 14 72
Route 17 : 23 9 68 61
Route 18 : 79 48 97 45 26 94
Route 19 : 54 58 24 76 22 91
Route 20 : 50 19 81 82 34
Route 21 : 25 99 66