Route 1 : 8 44 35 39 21 25
Route 2 : 30 26 3 27 4 51
Route 3 : 31 49 77 55
Route 4 : 62 92 22
Route 5 : 60 97 38 74 37 45
Route 6 : 19 34 2 54
Route 7 : 7 47 88 43 90
Route 8 : 48 69 56 61 46 16 84
Route 9 : 85 96 86 71
Route 10 : 66 76 28 9 89 72
Route 11 : 75 73 79 64 23 32
Route 12 : 83 41 12
Route 13 : 1 59 15 94 57 63 70
Route 14 : 6 68 99 98 36 14
Route 15 : 50 87 29
Route 16 : 91 33 17 78
Route 17 : 100 95 93 58 20
Route 18 : 67 52 10 42 13
Route 19 : 11 82 53 40 5 81
Route 20 : 65 80 24 18