Route 1 : 28 100 95 78
Route 2 : 79 88 64 46
Route 3 : 50 13 75 58 91 51
Route 4 : 1 24 69 76 89 73
Route 5 : 60 6 82 38 98 55
Route 6 : 33 77 31 39 4
Route 7 : 17 67 49
Route 8 : 83 97 19 41 35 36 48
Route 9 : 15 32 14 45 23
Route 10 : 68 99 65
Route 11 : 7 66 54
Route 12 : 71 59 18 52 44 5 2
Route 13 : 30 37 74 86
Route 14 : 94 3 10 70 9
Route 15 : 8 11 85 34 96
Route 16 : 62 56 25 93 87 27
Route 17 : 20 43 81 40 90
Route 18 : 42 22 72 61 53 84
Route 19 : 26 63 80 12
Route 20 : 47 57 29 16 92 21