Route 1 : 8 47 79 44
Route 2 : 14 49 13 66 43 100 99 48
Route 3 : 50 53 26 11 63
Route 4 : 57 46 90 35 4
Route 5 : 30 88 24 74
Route 6 : 16 19 45 55 42
Route 7 : 70 75 65 5 56
Route 8 : 80 23 59 32 86 18
Route 9 : 2 89 28 81
Route 10 : 31 73 91 76
Route 11 : 97 25 9 36 71 40
Route 12 : 15 85 37 87 10 92 72 82
Route 13 : 12 77 83 61
Route 14 : 64 95 27
Route 15 : 84 7 67 21 17 34 22
Route 16 : 54 98 6 3 39
Route 17 : 68 1 96
Route 18 : 93 20 29 78 62
Route 19 : 51 33 60 69 41 94
Route 20 : 58 38 52