Route 1 : 7 64 30 28
Route 2 : 2 76 48 55 86 42
Route 3 : 35 67 4 47
Route 4 : 83 68 6 15 12 19
Route 5 : 71 61 79 78
Route 6 : 63 81 40 14 75 84
Route 7 : 65 70 8 46
Route 8 : 37 3 58
Route 9 : 25 10 91 26
Route 10 : 52 54 62 96
Route 11 : 38 11 20 24 31
Route 12 : 100 59 92 21 22
Route 13 : 9 39 98 33 53
Route 14 : 77 44 23 43
Route 15 : 29 80 56 99 49
Route 16 : 94 73 17 45 27 13 50
Route 17 : 34 97 66 57 36 18
Route 18 : 87 69 95 41
Route 19 : 5 85 16 1 89 90
Route 20 : 82 93 60 32
Route 21 : 74 88 72 51