Route 1 : 92 57 79 25
Route 2 : 31 55 30 87 32 56 53
Route 3 : 77 29 40 17 26 36 45
Route 4 : 58 86 2 69
Route 5 : 89 13 72 93
Route 6 : 62 78 23 100 4 35 9
Route 7 : 73 96 76 99
Route 8 : 22 20 90 39 63 82 97
Route 9 : 8 83 16 54
Route 10 : 59 91 51 10 75
Route 11 : 84 24 6 47
Route 12 : 52 43 28 11
Route 13 : 37 98 1 15 95
Route 14 : 70 38 12 21 5 88 42
Route 15 : 41 60 19 3 14
Route 16 : 48 74 81 61
Route 17 : 33 50 94 18
Route 18 : 7 65 66 71
Route 19 : 44 67 34 64 85
Route 20 : 46 80 27 68 49