Route 1 : 85 63 89 69 65
Route 2 : 7 90 9 3 31 54
Route 3 : 43 39 26 29 11
Route 4 : 28 98 10 2 5
Route 5 : 100 27 49 17
Route 6 : 34 88 52 87
Route 7 : 38 92 86 40 35
Route 8 : 64 83 42 46
Route 9 : 71 59 4
Route 10 : 55 91 30
Route 11 : 50 75 56 62 96
Route 12 : 20 99 24 72 6 23
Route 13 : 12 81 14 1 8
Route 14 : 48 36 33 16 79
Route 15 : 94 73 18 61
Route 16 : 70 58 19 41
Route 17 : 97 67 25 66
Route 18 : 51 82 13 45 15 93
Route 19 : 95 74 60 44 32
Route 20 : 57 53 84 77 22
Route 21 : 76 80 21 47 78 68 37