Route 1 : 79 39 21 24
Route 2 : 32 63 3 80 15
Route 3 : 74 5 23 27
Route 4 : 4 14 50 75
Route 5 : 46 68 2 6
Route 6 : 70 44 83 59
Route 7 : 31 64 58 76 51 66 55 98 9
Route 8 : 96 47 100 40 45
Route 9 : 8 88 95 56
Route 10 : 81 18 16 54 93
Route 11 : 71 61 78 82 37
Route 12 : 33 19 42 92
Route 13 : 11 69 99 36
Route 14 : 41 10 43 26
Route 15 : 85 25 65 97
Route 16 : 86 35 38 48
Route 17 : 91 89 22 73 28 87 77 52
Route 18 : 60 72 57 49
Route 19 : 53 17 84 94 67
Route 20 : 29 34 1 7 13 62
Route 21 : 30 90 20 12