Route 1 : 37 11 27 34 12
Route 2 : 22 36 8 99 100 31
Route 3 : 21 20 93 40 23
Route 4 : 95 82 30 94
Route 5 : 48 58 25 32
Route 6 : 41 1 18 65 19 4 97
Route 7 : 73 75 46 66 68 3 49
Route 8 : 5 7 77 85
Route 9 : 70 10 98 43 64
Route 10 : 33 96 42 57
Route 11 : 52 6 87 59 44
Route 12 : 71 89 83 69 17
Route 13 : 14 61 79 26 47 53
Route 14 : 13 60 81 90 80
Route 15 : 51 16 29 62 78
Route 16 : 91 28 39 24
Route 17 : 35 92 54 50 45 86 72
Route 18 : 55 56 38 15
Route 19 : 9 76 2 88 67
Route 20 : 74 84 63