Route 1 : 54 7 70 84 48 10 18
Route 2 : 83 65 78 60 96
Route 3 : 62 82 61 50 94 95 91
Route 4 : 26 24 47 43 45
Route 5 : 88 41 38 34
Route 6 : 97 12 58 3 35 86 72
Route 7 : 33 13 21 69 17
Route 8 : 71 30 9 14 59 90
Route 9 : 73 15 40 8
Route 10 : 77 4 27 36
Route 11 : 46 67 79 87 81
Route 12 : 28 99 68 93 22
Route 13 : 16 74 89
Route 14 : 51 1 37 57 98 85
Route 15 : 100 29 31 66 42
Route 16 : 32 11 2 55 53
Route 17 : 80 23 19 39
Route 18 : 25 75 44 49
Route 19 : 6 20 76 5 52
Route 20 : 63 92 64 56