Route 1 : 22 81 17 65
Route 2 : 11 48 71 21 74 19
Route 3 : 4 29 76 27 31 56
Route 4 : 28 99 54 43 44 57
Route 5 : 18 69 45 61
Route 6 : 34 58 89 67 95
Route 7 : 41 51 86
Route 8 : 80 88 9 94 30
Route 9 : 100 53 42 75 36
Route 10 : 37 10 59 78 83
Route 11 : 1 20 47 73 62
Route 12 : 13 6 63 2
Route 13 : 24 33 50 93 25
Route 14 : 79 32 14 84 52 39
Route 15 : 46 64 96 70 72 8 97
Route 16 : 5 40 12 92
Route 17 : 7 38 91 3 15 60
Route 18 : 98 23 16 87 85
Route 19 : 66 77 68 26
Route 20 : 35 49 82 55 90