Route 1 : 58 46 93 21 81
Route 2 : 65 36 33 77 19
Route 3 : 76 90 12 51 37
Route 4 : 29 97 91 11 10
Route 5 : 23 99 72 27 83
Route 6 : 5 60 82 87 47 1
Route 7 : 100 16 38 9 73
Route 8 : 88 85 39 45
Route 9 : 74 17 25 78 32
Route 10 : 42 67 3 2 53
Route 11 : 4 55 7 13 15
Route 12 : 28 50 68 24
Route 13 : 62 59 70 84
Route 14 : 63 35 30 96 61 41
Route 15 : 14 80 44 6
Route 16 : 52 31 57 69 54 71 40
Route 17 : 26 89 8 95 48
Route 18 : 34 98 66 75
Route 19 : 79 18 20 22 49 94
Route 20 : 92 56 86 43 64