Route 1 : 65 84 44 100 38
Route 2 : 31 48 88 5
Route 3 : 21 53 12 46 76 22
Route 4 : 97 49 1 56 33
Route 5 : 86 37 98
Route 6 : 35 18 68 39
Route 7 : 25 16 26 96 83
Route 8 : 24 2 69 95 43
Route 9 : 87 9 30 41 47
Route 10 : 20 11 91 4 77
Route 11 : 32 66 82 85 60
Route 12 : 40 17 89 55
Route 13 : 6 90 58 93 57
Route 14 : 74 8 45 78
Route 15 : 67 94 14 73
Route 16 : 62 27 99 42 10 34 61
Route 17 : 70 80 64 79 75 7
Route 18 : 23 29 28 63 72 71
Route 19 : 15 3 19 13 50 59 54
Route 20 : 51 52 36 81 92