Route 1 : 41 68 1 44 51 7
Route 2 : 6 95 60 79 64 90
Route 3 : 12 29 92 40 80
Route 4 : 84 18 47 66 70 16
Route 5 : 45 59 48 42 52 8
Route 6 : 3 88 50 76
Route 7 : 93 100 87 35
Route 8 : 86 15 55 99 73
Route 9 : 10 37 57
Route 10 : 30 22 82 75
Route 11 : 23 14 71 27 72
Route 12 : 58 98 36 24 4
Route 13 : 31 17 85 83 5 26
Route 14 : 96 63 2 46 62
Route 15 : 53 77 19 38 97 34
Route 16 : 54 33 91 20
Route 17 : 28 9 32 67 94
Route 18 : 13 61 25 11 49 89
Route 19 : 81 78 56 69 65
Route 20 : 39 43 74 21