Route 1 : 15 79 16 40 13 78 66
Route 2 : 77 31 32 46
Route 3 : 35 22 34 59
Route 4 : 62 57 74 64 41
Route 5 : 38 33 42 4 95
Route 6 : 24 1 9 29 94
Route 7 : 97 88 67 47 72 7 96
Route 8 : 20 11 89 52 82 85
Route 9 : 30 43 83 21
Route 10 : 61 5 65 6 26
Route 11 : 39 69 87 76
Route 12 : 73 99 28 90 2 92 81
Route 13 : 3 49 53 80
Route 14 : 60 48 12 91 68
Route 15 : 17 14 98 56 36
Route 16 : 44 58 70
Route 17 : 25 23 27 50
Route 18 : 100 19 84 63 55
Route 19 : 37 51 71 75 54 45
Route 20 : 86 10 8 93 18