Route 1 : 57 8 7 55 29 52
Route 2 : 74 89 80 58 72
Route 3 : 53 17 73 67 88
Route 4 : 85 93 54 100 19
Route 5 : 27 66 70
Route 6 : 41 71 78 75 43 25
Route 7 : 76 9 39
Route 8 : 99 48 68 98
Route 9 : 96 45 95 51
Route 10 : 26 97 1 12 59
Route 11 : 63 20 10 21 11 28
Route 12 : 16 22 35 44 81 15
Route 13 : 38 69 5 65 18
Route 14 : 82 61 33 50
Route 15 : 83 64 42 2
Route 16 : 24 90 91 37
Route 17 : 36 77 31 32 46 14
Route 18 : 4 30 87 40
Route 19 : 84 34 86 92
Route 20 : 3 62 49 23 94 13
Route 21 : 6 60 47 56 79