Route 1 : 76 83 46 79 40
Route 2 : 86 71 95 54 87 33
Route 3 : 5 48 91 27 66
Route 4 : 13 37 98 9 35
Route 5 : 94 12 45 16 84 11
Route 6 : 24 3 28
Route 7 : 14 93 55 49 82 29
Route 8 : 75 85 39 70 22 89
Route 9 : 72 6 57 50
Route 10 : 43 32 56 31
Route 11 : 65 69 18 100
Route 12 : 10 44 21 34 92 41 42 26
Route 13 : 63 52 59
Route 14 : 80 53 64 17 23
Route 15 : 8 30 19 25 1 90
Route 16 : 2 7 20 99 61
Route 17 : 58 62 51 78
Route 18 : 60 68 88 36
Route 19 : 96 77 4 81 38 67 74 73
Route 20 : 97 15 47