Route 1 : 64 78 98 11 96 42
Route 2 : 58 95 67 56
Route 3 : 7 36 57 34 6 3 59
Route 4 : 43 74 91 99
Route 5 : 27 35 30 48 94 73
Route 6 : 72 15 10 22 40
Route 7 : 84 62 82
Route 8 : 80 29 4 71 90
Route 9 : 63 18 69 23
Route 10 : 25 2 87 89
Route 11 : 49 50 21
Route 12 : 51 92 66 17 65 5
Route 13 : 60 100 81 8 24 16 33
Route 14 : 32 19 79 31 85
Route 15 : 39 75 12 1 86
Route 16 : 70 55 38 9 14 61
Route 17 : 41 93 37 83
Route 18 : 54 52 28 68 47 76
Route 19 : 44 77 26
Route 20 : 88 53 46 97 45 20 13