Route 1 : 81 37 28 9 72
Route 2 : 26 12 59 34 36
Route 3 : 64 32 4 16
Route 4 : 75 15 23
Route 5 : 6 91 49 25 88 70
Route 6 : 1 80 65 56 71
Route 7 : 67 45 62 98
Route 8 : 21 35 2 13 38 61
Route 9 : 40 100 30 58 97 63
Route 10 : 46 11 39 82 92
Route 11 : 24 22 7 27 76 47 53 31
Route 12 : 73 5 48 54 77
Route 13 : 43 86 60 87 3 20
Route 14 : 66 19 83
Route 15 : 74 10 41 52
Route 16 : 84 8 50
Route 17 : 94 29 78 17 33
Route 18 : 69 68 89 93 57 79
Route 19 : 95 42 55
Route 20 : 18 85 14 96 99 51 44 90