Route 1 : 77 51 63 24 43
Route 2 : 45 68 41 64 46
Route 3 : 34 74 61 52 42 39
Route 4 : 5 53 88 6
Route 5 : 20 4 19 55 89 82
Route 6 : 21 73 90 2 14 83 40
Route 7 : 59 80 100 79 32 13 69
Route 8 : 97 54 72 60
Route 9 : 66 56 15 95 44
Route 10 : 81 1 99 33
Route 11 : 26 87 38 35 78
Route 12 : 27 25 23 96 70 48
Route 13 : 30 37 8 94
Route 14 : 22 71 7 85 3 75
Route 15 : 58 36 65
Route 16 : 29 62 49
Route 17 : 47 28 9 18
Route 18 : 92 98 76 16 86 11
Route 19 : 57 10 93 50
Route 20 : 12 67 84 17
Route 21 : 31 91