Route 1 : 3 90 86 19 39
Route 2 : 38 33 94 5 85
Route 3 : 88 84 99 49
Route 4 : 54 17 18 55 1 98
Route 5 : 50 47 93 4
Route 6 : 16 96 6 77 59
Route 7 : 7 43 65
Route 8 : 30 8 100 97
Route 9 : 58 37 74 25
Route 10 : 36 73 63 70 31 46 45
Route 11 : 76 60 67 27 28
Route 12 : 22 48 32 56
Route 13 : 52 64 82 29
Route 14 : 66 75 81 40 24 23
Route 15 : 72 13 26 44 92
Route 16 : 79 83 14 34 20
Route 17 : 89 61 9 35 53 91 21
Route 18 : 11 62 80 12 87 95
Route 19 : 51 68 15 69 10
Route 20 : 57 78 2 41 42 71