Route 1 : 30 11 93 19 95
Route 2 : 88 80 27 41 49
Route 3 : 26 99 56 69 72 76
Route 4 : 71 94 50 100 79
Route 5 : 60 29 58 5 32 43 47
Route 6 : 77 8 20 54
Route 7 : 39 36 61 73 35 74
Route 8 : 78 92 28 45
Route 9 : 12 81 75 22 16 59
Route 10 : 83 53 14 55 82
Route 11 : 34 48 2 66
Route 12 : 6 21 3 67
Route 13 : 44 13 62 25 85
Route 14 : 40 7 38 33 96
Route 15 : 97 24 91 31 90
Route 16 : 98 63 23 37
Route 17 : 84 89 46 1 9
Route 18 : 57 10 65 15 4 17 64
Route 19 : 18 52 86 68 51
Route 20 : 42 87 70