Route 1 : 30 55 64 18 54 98
Route 2 : 60 93 86 33 51
Route 3 : 40 16 57 48
Route 4 : 68 41 27 10
Route 5 : 79 46 73 26 35
Route 6 : 36 67 12 47 32
Route 7 : 96 5 4 19
Route 8 : 17 78 13 50 24 70
Route 9 : 9 34 44 37 25 84 56
Route 10 : 23 14 28 87 77 42
Route 11 : 95 7 72 92
Route 12 : 71 52 3 90
Route 13 : 66 76 88 89 85
Route 14 : 58 21 83 45 100
Route 15 : 38 59 69 20 62 39
Route 16 : 74 81 6 11
Route 17 : 97 31 29 75 22 1
Route 18 : 63 43 94 65
Route 19 : 82 61 53 2
Route 20 : 8 80 91 15 99 49