Route 1 : 61 86 20 33 2 22 45 80
Route 2 : 7 11 54 58 94 75
Route 3 : 8 40 100 31 37
Route 4 : 43 98 10 62 36 91 83
Route 5 : 5 73 99 77
Route 6 : 23 30 1 96
Route 7 : 71 26 42 47 89
Route 8 : 21 50 41 34 48 25
Route 9 : 56 81 79 76
Route 10 : 65 55 46 57 97 14
Route 11 : 66 64 9
Route 12 : 53 4 18 28
Route 13 : 19 74 51 92
Route 14 : 38 52 69 24
Route 15 : 32 35 88 93 70 60
Route 16 : 59 29 16 63 84
Route 17 : 13 6 44
Route 18 : 67 78 68 90 95
Route 19 : 85 39 27 82
Route 20 : 12 87 15 3 49
Route 21 : 17 72