Route 1 : 1 13 60 53
Route 2 : 50 96 94 39
Route 3 : 78 38 33 4 8 6
Route 4 : 42 46 5 64
Route 5 : 66 84 10 20
Route 6 : 49 51 69 45 97
Route 7 : 36 44 57 55 32
Route 8 : 59 22 72 24 89 99 86
Route 9 : 68 58 48 35 2 76
Route 10 : 54 65 81 67
Route 11 : 88 52 85 92 18
Route 12 : 17 14 73 9 61
Route 13 : 27 12 7 16
Route 14 : 82 93 80 95 28
Route 15 : 74 62 3 70 91
Route 16 : 100 19 11 41 37
Route 17 : 56 26 47 63 21
Route 18 : 79 25 71
Route 19 : 83 43 23 75 31
Route 20 : 77 29 15 87 98
Route 21 : 90 30 40 34