Route 1 : 41 99 13 17 96 33
Route 2 : 91 72 94 46 3
Route 3 : 89 6 30 37 7
Route 4 : 16 73 59 62 95
Route 5 : 75 25 51 4 93
Route 6 : 10 56 83 14 53
Route 7 : 39 85 28 29 90
Route 8 : 12 40 52 34 49 65
Route 9 : 1 26 38 55 48 78
Route 10 : 32 15 47
Route 11 : 35 8 61 92 2 77
Route 12 : 11 23 69 22 82
Route 13 : 64 98 9 88
Route 14 : 84 67 79 80
Route 15 : 42 70 5 21
Route 16 : 57 76 63 58
Route 17 : 50 74 27 31
Route 18 : 97 36 54 87 45
Route 19 : 66 18 100 68
Route 20 : 20 44 19 86
Route 21 : 43 60 71 24 81