Route 1 : 13 49 70 89 78 53 20
Route 2 : 9 21 6 3 40 26 73
Route 3 : 68 60 67 74 42 61
Route 4 : 24 98 85 51 79
Route 5 : 63 59 84
Route 6 : 47 15 95 11 50
Route 7 : 96 94 12 100 76
Route 8 : 29 36 93 23
Route 9 : 39 4 32 2 44
Route 10 : 62 75 87 77
Route 11 : 66 64 46 7 10
Route 12 : 18 28 22 41 30 16 57
Route 13 : 17 81 45
Route 14 : 5 31 55 69
Route 15 : 8 43 58 86 25
Route 16 : 56 52 83 97 27
Route 17 : 34 33 71 80 54
Route 18 : 48 65 99 37 92
Route 19 : 88 90 72 14 35
Route 20 : 38 1 19 91 82