Route 1 : 36 46 96 84 61
Route 2 : 17 56 51 31 59
Route 3 : 81 92 8 53 27
Route 4 : 28 42 48 34 99
Route 5 : 70 65 75 2 32 73
Route 6 : 6 22 45 23 100 40
Route 7 : 26 47 4 62 44
Route 8 : 91 66 58 12 76 33
Route 9 : 82 95 57 25 50
Route 10 : 14 16 67 11
Route 11 : 98 86 41 13
Route 12 : 7 54 5 87 19
Route 13 : 64 63 88 71 49
Route 14 : 55 35 60 18 24
Route 15 : 20 43 97 38 52
Route 16 : 79 21 83 3 69
Route 17 : 10 85 93 29 74
Route 18 : 15 30 94 37 9
Route 19 : 78 68 89 77
Route 20 : 39 80 72 1 90