Route 1 : 39 8 96 40 10
Route 2 : 98 88 46 11
Route 3 : 29 30 42 85 61 90 1
Route 4 : 34 7 70 53 37
Route 5 : 81 3 97 54
Route 6 : 69 5 2 64
Route 7 : 80 59 83 74 73 45
Route 8 : 67 4 13 6 12 16 25
Route 9 : 68 62 93 41 71
Route 10 : 57 76 52 79
Route 11 : 17 20 100
Route 12 : 49 35 95 22 43
Route 13 : 99 58 33 72
Route 14 : 15 92 47 38 50 60
Route 15 : 86 32 23
Route 16 : 44 89 51 77 75 66
Route 17 : 28 55 82
Route 18 : 14 78 9 21
Route 19 : 27 26 31 63
Route 20 : 48 65 91 18
Route 21 : 94 36 84 87 24 56 19