Route 1 : 22 83 52 66 85 44
Route 2 : 29 1 21 64 6 58
Route 3 : 41 98 77 74 43 94 69
Route 4 : 19 79 70 71 96
Route 5 : 40 31 24 50 49
Route 6 : 23 35 91 45 18
Route 7 : 30 73 20 27
Route 8 : 28 78 90 81 26
Route 9 : 13 68 55
Route 10 : 12 5 42 4 7 99 38
Route 11 : 63 51 3 8 88
Route 12 : 61 87 62 84 25
Route 13 : 39 10 33 9 59 100
Route 14 : 93 67 95 89
Route 15 : 97 57 48 14 16
Route 16 : 65 11 60 47 32
Route 17 : 36 46 82 92 2
Route 18 : 17 80 15
Route 19 : 34 76 86 37
Route 20 : 53 56 72 54 75