Route 1 : 79 67 1 88 76 68 50
Route 2 : 41 44 96 15
Route 3 : 55 16 63 24
Route 4 : 95 21 11 73 59
Route 5 : 35 47 39 93 90 70 38
Route 6 : 86 57 65 100
Route 7 : 53 58 62 77 20 29
Route 8 : 54 60 49 27
Route 9 : 14 40 94 75
Route 10 : 91 48 8 99 25
Route 11 : 64 6 3 18
Route 12 : 56 51 4 87
Route 13 : 34 84 17 89 37
Route 14 : 2 45 10 30
Route 15 : 92 5 69 80 7 33 19
Route 16 : 31 97 22 61 74
Route 17 : 32 26 13 23 52 98
Route 18 : 9 28 42 85 71 46
Route 19 : 72 78 81 82
Route 20 : 66 36 43 83 12