Route 1 : 4 58 47 35
Route 2 : 17 31 12 63 78
Route 3 : 14 40 96 49 48
Route 4 : 62 81 27 76
Route 5 : 52 24 20 46 99
Route 6 : 36 69 55 66 50
Route 7 : 1 26 54 34 10
Route 8 : 60 7 64 82 25 3
Route 9 : 88 89 51 59 29 80
Route 10 : 95 84 5 43 2 93
Route 11 : 70 100 74 56
Route 12 : 72 87 13 37 9 68 32
Route 13 : 11 92 86 30 98
Route 14 : 91 79 23 22 97 45
Route 15 : 42 8 44 94
Route 16 : 16 21 18 75 61
Route 17 : 57 39 53 41 71
Route 18 : 28 90 83 6
Route 19 : 15 77 38 33
Route 20 : 65 67 85 73 19