Route 1 : 6 75 81 20 7
Route 2 : 28 60 89 30
Route 3 : 29 25 24 48
Route 4 : 76 18 72 16
Route 5 : 34 82 27 87 86 67
Route 6 : 54 11 4 49
Route 7 : 13 2 64 1 5 40
Route 8 : 45 63 55 83
Route 9 : 3 22 85 73 84
Route 10 : 68 57 56 61 58 35 41 100
Route 11 : 78 74 99 36 47 71
Route 12 : 91 59 92 98 62
Route 13 : 14 93 39 53 51
Route 14 : 95 38 50 42 69
Route 15 : 90 88 66 19 23
Route 16 : 43 46 52 31 65 70
Route 17 : 77 37 8 80 96 17
Route 18 : 21 33 44 94
Route 19 : 15 26 12 32
Route 20 : 9 10 79 97