Route 1 : 53 86 16 27 2
Route 2 : 41 91 82 52 85 49
Route 3 : 32 54 92 95
Route 4 : 71 64 10
Route 5 : 3 40 43 100 23 21 56
Route 6 : 26 36 45 30 20 83
Route 7 : 66 48 77 97 63
Route 8 : 51 35 67 72 25
Route 9 : 90 98 74 94
Route 10 : 6 58 22 44 99 24 50
Route 11 : 7 93 33 70 17
Route 12 : 89 47 28 19
Route 13 : 29 5 87 13 96 55
Route 14 : 61 34 37 11
Route 15 : 88 38 65 76
Route 16 : 14 84 73 12
Route 17 : 62 60 4 9
Route 18 : 69 15 68 46
Route 19 : 81 42 18 78
Route 20 : 57 80 75 79
Route 21 : 1 8 39 59 31