Route 1 : 78 23 74 7 12 4
Route 2 : 24 52 53 63 92 87 43
Route 3 : 33 45 97 60 88 11 61
Route 4 : 14 86 56 100
Route 5 : 95 62 51 72 71
Route 6 : 59 20 70 47 44 46 89
Route 7 : 30 65 79 64 42
Route 8 : 34 5 27 36 37
Route 9 : 98 94 49 84 21
Route 10 : 69 13 15 50
Route 11 : 6 55 28 48
Route 12 : 85 39 81 80 8
Route 13 : 26 90 38 25 57
Route 14 : 31 58 99 76 3
Route 15 : 9 67 83
Route 16 : 16 17 75 93 54 73 32
Route 17 : 41 82 66 68 29 10
Route 18 : 40 77 1
Route 19 : 19 35 18
Route 20 : 91 22 96 2