Route 1 : 72 39 27 80 84
Route 2 : 58 21 48 75 1
Route 3 : 16 35 63 37 36
Route 4 : 88 61 43 91 66 93
Route 5 : 96 99 44 20
Route 6 : 22 90 77 82 56
Route 7 : 68 65 57 64
Route 8 : 13 92 50 62 53 8
Route 9 : 45 51 34
Route 10 : 26 98 83 17
Route 11 : 97 7 87 67 71 76 18
Route 12 : 94 74 28 38 78 59
Route 13 : 24 70 2 15 10
Route 14 : 73 29 79 14
Route 15 : 100 69 41 89 40 95
Route 16 : 81 11 86
Route 17 : 3 31 25
Route 18 : 46 12 6 52 85 49
Route 19 : 9 47 19 32 23 4
Route 20 : 55 54 60
Route 21 : 42 30 5 33