Route 1 : 76 88 84 13 61
Route 2 : 36 29 90 63 47
Route 3 : 31 46 49 98 91 26
Route 4 : 24 23 33 41 83
Route 5 : 3 73 8 42 93 15
Route 6 : 54 85 5 48 52 68
Route 7 : 78 4 14 27 69 1
Route 8 : 97 38 51 62
Route 9 : 87 70 37 64 2
Route 10 : 34 22 53 45
Route 11 : 99 40 50 94 86 65
Route 12 : 21 25 96 55 9
Route 13 : 100 57 10 39 89 74
Route 14 : 35 43 30 7 95
Route 15 : 19 71 6 81 72
Route 16 : 77 12 32 58
Route 17 : 67 60 92 18
Route 18 : 82 16 28 66 56
Route 19 : 75 17 80 20 79
Route 20 : 11 44 59