Route 1 : 54 38 32 7 24
Route 2 : 42 95 61 9 47
Route 3 : 29 16 27 11 97 80
Route 4 : 69 28 41 33 30 64
Route 5 : 13 19 52
Route 6 : 70 53 50 14
Route 7 : 6 35 20 93 39
Route 8 : 45 1 2
Route 9 : 96 58 81 74 88
Route 10 : 17 57 40 91
Route 11 : 87 34 22 62 36 100 51
Route 12 : 25 77 79 68 78
Route 13 : 90 94 66 89 49 63 98
Route 14 : 67 84 31 72 73
Route 15 : 48 23 21 83 56
Route 16 : 8 18 5 75
Route 17 : 3 12 82 76 44
Route 18 : 43 99 71 59 65
Route 19 : 10 26 4 85 60
Route 20 : 86 15 37 46 55 92