Route 1 : 20 29 35
Route 2 : 62 10 76 37 1 33
Route 3 : 61 18 3 38
Route 4 : 56 28 45 21
Route 5 : 64 58 22 14
Route 6 : 68 41 71 77 63
Route 7 : 49 60 88 72
Route 8 : 100 65 30
Route 9 : 99 86 46 79 34 54
Route 10 : 73 13 40 42 70 98
Route 11 : 74 80 15 55 50 26
Route 12 : 96 59 97 32 93
Route 13 : 4 2 23 52 75 5
Route 14 : 57 81 25 6 83
Route 15 : 24 87 44 16 69 85
Route 16 : 39 95 48 8 12 17 66
Route 17 : 36 27 82 43 47 90 19
Route 18 : 89 53 11 84
Route 19 : 92 78 91 67
Route 20 : 7 51 9 94 31