Route 1 : 34 63 72 1
Route 2 : 23 81 59 65
Route 3 : 90 54 92
Route 4 : 26 8 16 50 68
Route 5 : 56 10 20 39
Route 6 : 80 84 64 60
Route 7 : 3 73 95 36
Route 8 : 55 76 17 19 2
Route 9 : 48 33 66 86
Route 10 : 100 49 9 98
Route 11 : 46 93 4 70
Route 12 : 83 79 91 30 35
Route 13 : 75 31 45 69 25
Route 14 : 52 44 14 28 13 85 88 67
Route 15 : 99 12 11 43
Route 16 : 40 6 27 29 51
Route 17 : 24 41 53 37 5
Route 18 : 58 82 97 15 71 94
Route 19 : 62 47 32 42 18 74 61 21 89 7
Route 20 : 77 87 78 96
Route 21 : 22 38 57