Route 1 : 3 59 5 100 91
Route 2 : 58 8 77 55
Route 3 : 15 53 50 54 6
Route 4 : 84 27 41 92
Route 5 : 29 52 33 7 49
Route 6 : 35 61 63 2 96 31 24 45
Route 7 : 64 51 46 73 39 86 42 89
Route 8 : 38 37 47 83
Route 9 : 71 48 4 1
Route 10 : 20 22 88 26 95
Route 11 : 43 93 62 65
Route 12 : 44 36 28 56
Route 13 : 25 99 14 10
Route 14 : 98 30 11 79
Route 15 : 12 16 34 13
Route 16 : 40 68 66
Route 17 : 87 75 69 80
Route 18 : 94 9 67 85
Route 19 : 17 76 90 97
Route 20 : 72 82 57 23 74 21 78 70 18
Route 21 : 32 60 19 81