Route 1 : 57 90 30 34 50
Route 2 : 1 74 63 43 37
Route 3 : 67 12 19
Route 4 : 62 10 18 26
Route 5 : 75 69 22 86
Route 6 : 14 89 27 81 79 21 70 98 92 85
Route 7 : 73 93 28 13
Route 8 : 40 82 97 38 17 84 33
Route 9 : 24 78 96 7
Route 10 : 36 66 51
Route 11 : 87 48 20
Route 12 : 2 59 100 16 65
Route 13 : 49 68 60 72
Route 14 : 42 39 9 47 3 4
Route 15 : 15 6 53 71 41
Route 16 : 44 91 35 31 11 32 8
Route 17 : 64 29 45 25
Route 18 : 95 61 94 46
Route 19 : 56 23 52 83
Route 20 : 76 55 5
Route 21 : 88 99 80 58 54 77