Route 1 : 50 56 41 3
Route 2 : 53 77 20 35 42
Route 3 : 85 87 84 88 82 9
Route 4 : 18 28 52 51 73
Route 5 : 99 80 34 62 47 95
Route 6 : 90 66 24 65
Route 7 : 58 67 45 40 79 22 29
Route 8 : 83 23 63 12
Route 9 : 64 10 92 97
Route 10 : 55 94 17
Route 11 : 16 33 21 78
Route 12 : 15 8 81 27 74
Route 13 : 1 68 57 11
Route 14 : 30 19 86 71
Route 15 : 61 26 100 43
Route 16 : 36 48 6 69 98
Route 17 : 89 25 44 70 2 7 54 76
Route 18 : 4 72 91
Route 19 : 32 96 39 49 31
Route 20 : 5 13 46 93 37
Route 21 : 59 75 38 60 14